  1.0         1.6
  2.0         4.2
  3.0         8.5
  4.0        14.6
  5.0        20.7
  6.0        26.2
  7.0        32.4
  8.0        37.5
  9.0        40.9
 10.0        51.1
 11.0        48.2
 12.0        30.7
 13.0        30.9
 14.0        35.8
 15.0        43.9
 16.0        43.2
 17.0        50.7
 18.0        74.0
 19.0        79.6
 20.0        58.1
 21.0        55.8
 22.0        33.4
 23.0        30.0
 24.0        53.7
 25.0        55.6
 26.0        65.7
 27.0        54.6
 28.0        46.7
 29.0        69.4
 30.0        38.7
 31.0        36.1
 32.0        47.5
 33.0        36.8
 34.0        42.9
 35.0        89.6
 36.0        40.9
 37.0        80.5
 38.0        70.4
 39.0        79.3
 40.0        72.1
 41.0        42.8
 42.0        70.0
 43.0        42.4
 44.0        72.1
 45.0        64.1
 46.0        61.0
 47.0        61.4
 48.0        33.1
 49.0        46.5
 50.0        54.2
 51.0        49.0
 52.0        56.8
 53.0        58.9
 54.0        48.9
 55.0        55.0
 56.0        59.1
 57.0        55.4
 58.0        42.3
 59.0        33.7
 60.0        26.9
 61.0        34.1
 62.0        25.2
 63.0        42.3
 64.0        69.0
 65.0        49.5
 66.0        53.3
 67.0        51.8
 68.0        66.9
 69.0        58.5
 70.0        51.8
 71.0        54.4
 72.0        19.1
 73.0        83.8
 74.0        51.9
 75.0        43.0
 76.0        41.3
 77.0        35.8
 78.0        50.2
 79.0        49.4
 80.0        61.1
 81.0        51.6
 82.0        48.2
 83.0        79.6
 84.0        56.3
 85.0        72.6
 86.0        55.5
 87.0        55.8
 88.0        55.3
 89.0        59.4
 90.0        20.9
 91.0        21.9
 92.0        25.0
 93.0        28.1
