  1.0         1.5
  2.0         4.2
  3.0         8.0
  4.0        13.9
  5.0        19.4
  6.0        24.1
  7.0        30.5
  8.0        34.2
  9.0        38.3
 10.0        46.4
 11.0        46.7
 12.0        26.8
 13.0        28.8
 14.0        33.1
 15.0        41.0
 16.0        40.2
 17.0        47.6
 18.0        64.8
 19.0        68.4
 20.0        42.3
 21.0        48.7
 22.0        29.4
 23.0        21.7
 24.0        56.1
 25.0        55.4
 26.0        58.2
 27.0        51.5
 28.0        47.6
 29.0        68.2
 30.0        32.6
 31.0        35.5
 32.0        57.4
 33.0        30.2
 34.0        37.5
 35.0        82.9
 36.0        36.0
 37.0        69.9
 38.0        63.5
 39.0        75.3
 40.0        70.9
 41.0        34.2
 42.0        72.7
 43.0        35.4
 44.0        73.8
 45.0        69.6
 46.0        59.2
 47.0        61.1
 48.0        30.4
 49.0        43.4
 50.0        58.2
 51.0        48.1
 52.0        57.9
 53.0        55.2
 54.0        46.3
 55.0        50.3
 56.0        51.8
 57.0        57.8
 58.0        36.5
 59.0        30.3
 60.0        33.7
 61.0        33.6
 62.0        25.2
 63.0        40.3
 64.0        70.4
 65.0        55.3
 66.0        50.9
 67.0        44.2
 68.0        66.7
 69.0        59.9
 70.0        52.9
 71.0        52.4
 72.0        21.2
 73.0        86.0
 74.0        52.3
 75.0        54.4
 76.0        41.6
 77.0        36.0
 78.0        55.7
 79.0        52.5
 80.0        52.1
 81.0        53.9
 82.0        51.6
 83.0        72.7
 84.0        61.9
 85.0        65.8
 86.0        62.4
 87.0        50.6
 88.0        52.2
 89.0        58.4
 90.0        20.9
 91.0        22.4
 92.0        25.5
