  1.0         1.7
  2.0         4.3
  3.0         8.4
  4.0        14.6
  5.0        20.2
  6.0        25.1
  7.0        31.7
  8.0        35.4
  9.0        39.8
 10.0        46.6
 11.0        51.4
 12.0        25.9
 13.0        30.7
 14.0        33.1
 15.0        42.3
 16.0        40.8
 17.0        50.8
 18.0        70.3
 19.0        75.9
 20.0        55.4
 21.0        52.1
 22.0        33.3
 23.0        27.4
 24.0        53.1
 25.0        58.1
 26.0        69.0
 27.0        50.0
 28.0        46.6
 29.0        70.1
 30.0        36.7
 31.0        33.8
 32.0        48.0
 33.0        33.1
 34.0        37.5
 35.0        77.3
 36.0        37.4
 37.0        75.9
 38.0        61.1
 39.0        73.7
 40.0        72.7
 41.0        37.0
 42.0        71.4
 43.0        44.7
 44.0        76.1
 45.0        65.4
 46.0        53.7
 47.0        60.5
 48.0        26.6
 49.0        30.8
 50.0        58.3
 51.0        53.6
 52.0        52.5
 53.0        56.5
 54.0        40.3
 55.0        49.2
 56.0        51.4
 57.0        67.7
 58.0        41.4
 59.0        34.4
 60.0        30.6
 61.0        35.0
 62.0        29.6
 63.0        53.7
 64.0        61.2
 65.0        55.6
 66.0        55.3
 67.0        44.0
 68.0        66.1
 69.0        61.5
 70.0        51.0
 71.0        45.4
 72.0        22.3
 73.0        97.3
 74.0        45.1
 75.0        46.4
 76.0        30.8
 77.0        35.2
 78.0        46.4
 79.0        56.3
 80.0        56.0
 81.0        50.3
 82.0        54.7
 83.0        77.8
 84.0        67.6
 85.0        63.6
 86.0        57.8
 87.0        56.4
 88.0        48.1
 89.0        59.3
 90.0        25.7
 91.0        25.0
 92.0        17.2
