  1.0         2.5
  2.0         5.0
  3.0         3.4
  4.0        22.8
  5.0       541.1
  6.0       633.4
  7.0       635.4
  8.0       627.6
  9.0       583.3
 10.0       524.9
 11.0       463.4
 12.0       466.5
 13.0       372.2
 14.0       332.4
 15.0       306.2
 16.0       293.4
 17.0       261.7
 18.0       290.9
 19.0       267.4
 20.0       193.8
 21.0       184.1
 22.0       233.5
 23.0       159.5
 24.0       146.4
 25.0       178.0
 26.0       167.1
 27.0       163.6
 28.0       144.3
 29.0       175.3
 30.0       165.7
 31.0       172.1
 32.0       184.2
 33.0       144.3
 34.0       194.2
 35.0       143.1
 36.0       110.3
 37.0        86.5
 38.0       164.1
 39.0       175.8
 40.0       175.8
 41.0       151.6
 42.0       182.4
 43.0       166.3
 44.0       112.1
 45.0       169.6
 46.0       151.2
 47.0       178.8
 48.0       127.2
 49.0       105.8
 50.0       153.8
 51.0       153.8
 52.0       161.6
 53.0       128.2
 54.0       173.1
 55.0       111.9
 56.0       174.2
 57.0       171.5
 58.0       161.1
 59.0       118.3
 60.0       163.7
 61.0       132.9
 62.0       133.4
 63.0       116.2
 64.0       129.8
 65.0       106.3
 66.0       172.5
 67.0       172.0
 68.0       177.2
 69.0       110.0
 70.0       128.2
 71.0        94.4
 72.0       175.2
 73.0       164.2
 74.0       101.1
 75.0       110.0
 76.0       158.5
 77.0       180.4
 78.0       155.9
 79.0       131.4
 80.0       174.1
 81.0       167.3
 82.0       166.3
 83.0       164.7
 84.0       155.3
 85.0       118.9
 86.0        90.2
 87.0       172.5
 88.0       161.6
 89.0       176.2
 90.0       143.9
 91.0        52.6
 92.0         7.7
 93.0         0.0
 94.0         0.0
