  1.0         2.7
  2.0         5.0
  3.0         8.3
  4.0        38.7
  5.0       521.4
  6.0       677.1
  7.0       688.2
  8.0       691.2
  9.0       685.7
 10.0       627.2
 11.0       570.9
 12.0       561.9
 13.0       446.6
 14.0       214.1
 15.0       193.0
 16.0       208.0
 17.0       237.3
 18.0       204.8
 19.0       224.3
 20.0       313.7
 21.0       315.5
 22.0       257.3
 23.0       238.4
 24.0       137.3
 25.0       116.5
 26.0       238.7
 27.0       237.2
 28.0       284.3
 29.0       240.2
 30.0       206.7
 31.0       287.1
 32.0       175.8
 33.0       157.1
 34.0       236.9
 35.0       145.2
 36.0       163.8
 37.0       339.7
 38.0       174.5
 39.0       313.7
 40.0       283.9
 41.0       327.3
 42.0       278.5
 43.0       188.4
 44.0       285.8
 45.0       194.9
 46.0       288.1
 47.0       261.8
 48.0       238.6
 49.0       240.8
 50.0       124.2
 51.0       162.5
 52.0       223.5
 53.0       205.2
 54.0       220.4
 55.0       226.1
 56.0       187.1
 57.0       201.2
 58.0       214.0
 59.0       237.6
 60.0       164.4
 61.0       125.9
 62.0       124.8
 63.0       139.1
 64.0       107.0
 65.0       172.5
 66.0       273.4
 67.0       209.3
 68.0       210.9
 69.0       187.6
 70.0       265.4
 71.0       235.4
 72.0       204.6
 73.0       204.4
 74.0        87.7
 75.0       349.5
 76.0       204.0
 77.0       193.9
 78.0       145.4
 79.0       132.0
 80.0       207.7
 81.0       215.9
 82.0       224.0
 83.0       208.5
 84.0       208.2
 85.0       301.5
 86.0       239.1
 87.0       275.8
 88.0       227.0
 89.0       209.4
 90.0       212.3
 91.0       230.9
 92.0        91.7
 93.0        93.3
 94.0        88.5
