0.0614290237427,0
0.0914499759674,0
0.11843419075,0
0.143112182617,0
0.1674451828,0
0.182734012604,0
0.199443101883,0
0.215453147888,0
0.231456041336,0
0.249895095825,0
0.270045995712,0
0.28572010994,0
0.302790164948,0
0.318132162094,0
0.338963985443,0
0.355082035065,0
0.371648073196,0
0.386804103851,0
0.405527114868,0
0.428730010986,0
0.445842027664,0
0.464709043503,0
0.479876995087,0
0.497529983521,0
0.51754117012,0
0.5325319767,0
0.550530195236,0
0.56908416748,0
0.584809064865,0
0.601849079132,0
0.619496107101,0
0.637065172195,0
0.652252197266,0
0.670933008194,0
0.68602514267,0
0.705366134644,0
0.720399141312,0
0.737617015839,0
0.752585172653,0
0.770857095718,0
0.785958051682,0
0.802915096283,0
0.820407152176,0
0.835900068283,0
0.851248025894,0
0.866086006165,0
0.885055065155,0
0.900133132935,0
0.916254043579,0
0.935969114304,0
0.951954126358,0
0.967085123062,0
0.982696056366,0
1.0003900528,0
1.04014611244,0
1.0579020977,0
1.0741519928,0
1.09179401398,0
1.11047816277,0
1.12648701668,0
1.14373803139,0
1.15877604485,0
1.17526006699,0
1.19120812416,0
1.20665502548,0
1.22282099724,0
1.23810219765,0
1.25527715683,0
1.27050018311,0
1.28744316101,0
1.30246520042,0
1.31955599785,0
1.33983397484,0
1.38582706451,0
1.40364408493,0
1.41874814034,0
1.43399906158,0
1.45169019699,0
1.46831417084,0
1.48511314392,0
1.50013017654,0
1.517578125,0
1.53398513794,0
1.55138707161,0
1.56663799286,0
1.58500909805,0
1.60000705719,0
1.63577604294,0
1.65085101128,0
1.66812801361,0
1.68391013145,0
1.70081615448,0
1.71620416641,0
1.73421907425,0
1.75075316429,0
1.76710915565,0
1.78273510933,0
1.80073904991,0
1.8167090416,0
1.83281803131,0
1.8495221138,0
1.86442613602,0
1.8800971508,0
1.89699912071,0
1.9146001339,0
1.93019318581,0
1.94668006897,0
1.96466517448,0
1.98206520081,0
1.9967520237,0
2.01332616806,0
2.0285050869,0
2.05312013626,0
2.07480311394,0
2.10054016113,0
2.13359618187,0
2.16963815689,1
2.20688009262,0
2.2296090126,1
2.25607514381,0
2.28935313225,0
2.31704711914,0
2.33544898033,0
2.36526918411,0
2.41916418076,1
2.4412791729,0
2.45553803444,0
2.4717040062,0
2.489590168,0
2.50528311729,0
2.52045512199,0
2.53612017632,0
2.55110216141,0
2.56718802452,0
2.58206009865,0
2.59706306458,0
2.61314320564,0
2.62797212601,0
2.64442420006,0
2.65920615196,0
2.67452502251,0
2.69111299515,0
2.70628118515,0
2.72236919403,0
2.7368721962,0
2.75281405449,0
2.76892805099,0
2.78392100334,0
2.80002498627,0
2.81506609917,0
2.85061597824,0
2.86741518974,0
2.88270807266,0
2.89832997322,0
2.91335701942,0
2.9299890995,0
2.94722914696,0
2.96557497978,0
2.98092603683,0
3.0042090416,0
3.02000617981,0
3.0355629921,0
3.05376720428,0
3.06845903397,0
3.08523201942,0
3.10302901268,0
3.11937308311,0
3.13410401344,0
3.15237402916,0
3.1668920517,0
3.18305301666,0
3.1977751255,0
3.21463298798,0
3.22920417786,0
3.2443959713,0
3.26082706451,0
3.27576518059,0
3.29373311996,0
3.30834007263,0
3.32480597496,0
3.34087514877,0
3.35793304443,0
3.37370204926,0
3.38896799088,0
3.40729999542,0
3.42287707329,0
3.4480099678,0
3.46367716789,1
3.47899603844,0
3.49489307404,0
3.51289606094,0
3.5298871994,0
3.54425001144,0
3.55927801132,0
3.57427501678,0
3.58998703957,0
3.60481119156,0
3.61963319778,0
3.63559603691,0
3.65180516243,0
3.66662502289,0
3.68304800987,0
3.69774913788,0
3.71553397179,0
3.73024702072,0
3.74705719948,0
3.76272106171,0
3.77930498123,0
3.79414701462,0
3.80974197388,0
3.82672715187,0
3.84123015404,0
3.85696315765,1
3.87094402313,0
3.8850300312,0
3.90243315697,0
3.91898798943,0
3.93402910233,0
3.95153212547,0
3.96955108643,0
3.98476219177,0
3.99898910522,0
4.01373410225,0
4.03100013733,0
4.08860301971,0
4.13276004791,1
4.16099309921,0
4.18208408356,2
4.21484208107,1
4.24138307571,0
4.26514005661,1
4.29259800911,0
4.32369208336,1
4.40779614449,4
4.43114900589,0
4.45579314232,2
4.48467898369,1
4.50693202019,1
4.56286001205,0
4.58172297478,0
4.61733007431,4
4.6427090168,0
4.66885304451,1
4.70338010788,0
4.73585820198,0
4.77000904083,1
4.78445219994,0
4.79916119576,0
4.81328701973,0
4.82832598686,0
4.84370017052,3
4.85823917389,0
4.8745341301,0
4.88942813873,0
4.90424513817,3
4.91856503487,0
4.93525719643,0
4.94984412193,0
4.96468806267,0
4.98036313057,0
4.99725818634,1
5.011687994,0
5.02722215652,1
5.04163217545,0
5.05626511574,0
5.12142109871,0
5.13722801208,0
5.15128207207,0
5.16648197174,0
5.18089318275,0
5.19830703735,2
5.21337509155,0
5.22826504707,0
5.25958204269,0
5.27402615547,1
5.28910899162,0
5.30422401428,0
5.31941199303,0
5.34039020538,0
5.35456204414,0
5.36987400055,0
5.38510799408,0
5.40220403671,0
5.41739797592,0
5.43224716187,3
5.44715213776,0
5.46229219437,0
5.4767510891,1
5.49201607704,0
5.52184414864,0
5.55417704582,0
5.59082007408,4
5.60731506348,1
5.6238360405,0
5.63815307617,0
5.65283799171,0
5.66761207581,1
5.68238019943,0
5.69727611542,0
5.71375513077,0
5.72886705399,1
5.74483704567,0
5.75911903381,0
5.77428507805,0
5.78880000114,2
5.80354619026,0
5.81768298149,2
5.83265519142,0
5.86017799377,3
5.87502002716,0
5.89050102234,0
5.9047961235,0
5.92222213745,0
5.94348311424,0
5.95732903481,0
5.9735891819,0
5.98851919174,0
6.0034570694,0
6.01774907112,0
6.03486514091,4
6.0530731678,1
6.06735610962,0
6.08199310303,0
6.09989905357,0
6.1157271862,1
6.13019013405,0
6.14954519272,0
6.16336202621,3
6.17736101151,0
6.19418716431,2
6.2118229866,0
6.22928309441,2
6.24319815636,1
6.25926804543,0
6.27368807793,0
6.28794312477,0
6.30587005615,1
6.32285618782,5
6.33729219437,0
6.35429811478,0
6.36973500252,0
6.43432807922,0
6.45102405548,1
6.46513199806,0
6.48044204712,0
6.49434804916,0
6.5082950592,1
6.52250313759,2
6.53734707832,0
6.5522081852,0
6.56730914116,0
6.58309316635,1
6.59700298309,1
6.61127901077,0
6.62562012672,0
6.64145612717,0
6.65871715546,0
6.67319011688,3
6.68775701523,0
6.70210409164,0
6.7167840004,0
6.73181509972,0
6.7464120388,0
6.76063609123,1
6.77597308159,0
6.79023098946,0
6.80435705185,0
6.81949615479,2
6.83643507957,3
6.85334014893,1
6.86764001846,0
6.8847720623,1
6.90056920052,2
6.91490197182,0
6.9293282032,0
6.94468808174,3
6.959223032,0
6.97424602509,2
6.99128198624,1
7.00988817215,1
7.02464914322,3
7.04449701309,1
7.06403613091,7
7.11497402191,2
7.13403606415,2
7.15244817734,3
7.18245410919,2
7.19995307922,2
7.21647715569,2
7.2328209877,7
7.25659918785,11
7.28156518936,21
7.29684114456,22
7.32844400406,32
7.35831809044,40
7.37286305428,45
7.3877260685,48
7.42566299438,59
7.44651508331,68
7.46111607552,73
7.49381613731,81
7.52324604988,95
7.55420398712,106
7.58496999741,120
7.60700511932,131
7.62527418137,140
7.64742398262,151
7.6939702034,171
7.71701407433,180
7.74777603149,195
7.76193404198,201
7.78631520271,208
7.81535315514,221
7.83590316772,231
7.8679330349,252
7.88630509377,262
7.91116213799,278
7.94745111465,296
7.97485804558,311
8.00107598305,317
8.03546404839,331
8.06468200684,345
8.09879112244,371
8.1278321743,382
8.15749001503,394
8.18629407883,409
8.21567201614,425
8.24743700027,444
8.29422807693,467
8.32096505165,477
8.3510351181,478
8.37997603416,474
8.40905213356,468
8.44602799416,469
8.47230100632,473
8.50215315819,480
8.53583097458,481
8.56370019913,483
8.59281516075,489
8.61990118027,483
8.65183711052,490
8.68142700195,492
8.71537613869,496
8.75081896782,504
8.78226113319,510
8.81228399277,510
8.8475291729,509
8.89708709717,515
8.92599797249,518
8.95943903923,528
8.9931910038,521
9.0226290226,525
9.05565905571,528
9.08594512939,527
9.11542510986,536
9.1518471241,535
9.18011307716,536
9.20871520042,535
9.24112510681,540
9.26967120171,533
9.30120897293,541
9.33231902122,547
9.36081218719,549
9.38868117332,558
9.42530417442,559
9.46185517311,565
9.49841403961,568
9.52798199654,577
9.56458306313,571
9.59381198883,558
9.62272310257,549
9.65633416176,533
9.68353915215,528
9.7098441124,534
9.73638010025,530
9.76410317421,517
9.79627203941,524
9.81909108162,516
9.84841299057,509
9.87711811066,508
9.90762209892,514
9.92534804344,507
9.94225597382,502
9.96840119362,493
9.99468708038,485
10.0177781582,476
10.0347599983,471
10.092977047,471
10.1227960587,477
10.1536810398,481
10.176431179,481
10.2020339966,482
10.2177190781,484
10.2965521812,473
10.3185331821,475
10.3572480679,478
10.3897230625,483
10.4194991589,482
10.4489920139,488
10.4807391167,490
10.5202701092,498
10.5529270172,510
10.5849080086,510
10.614013195,519
10.6377370358,515
10.7391161919,512
10.7648291588,513
10.7904551029,512
10.8203690052,515
10.8469820023,521
10.8764381409,522
10.9068841934,530
10.9365081787,535
10.9651939869,539
10.9911720753,537
11.0285871029,547
11.0639200211,550
11.0876290798,550
11.1115481853,553
11.1405510902,550
11.175162077,544
11.2065701485,536
11.2342631817,535
11.248568058,530
11.3014030457,541
11.3337199688,546
11.3554210663,544
11.3804051876,542
11.4150691032,538
11.4425489902,534
11.4627051353,533
11.489410162,530
11.544836998,536
11.5770521164,543
11.6141591072,539
11.6481029987,543
11.675645113,541
11.7068071365,543
11.7320821285,531
11.7530081272,526
11.7699940205,521
11.790500164,521
11.8135371208,517
11.8304750919,523
11.8531401157,523
11.9001460075,533
11.9227280617,538
11.9471650124,540
11.971321106,545
11.9966621399,545
12.0161349773,551
12.0383191109,547
12.0692770481,548
12.1200079918,564
12.1343920231,564
12.1529340744,568
12.1783461571,568
12.1998360157,564
12.2166521549,566
12.2375819683,564
12.2634701729,560
12.288061142,559
12.3123161793,559
12.3337161541,562
12.3544740677,564
12.381316185,567
12.4159061909,565
12.4423410892,563
12.4664371014,563
12.5012261868,573
12.5310950279,581
12.5545790195,579
12.5816421509,581
12.6035161018,585
12.6234390736,585
12.6459450722,586
12.6754071712,587
12.7004470825,579
12.7348079681,575
12.7680261135,576
12.7934260368,567
12.8191671371,558
12.8435041904,564
12.8721380234,565
12.8936750889,568
12.9168670177,565
12.9442741871,554
12.9691359997,554
12.9927220345,546
13.017660141,534
13.040774107,531
13.0645480156,532
13.103192091,536
13.1246170998,537
13.1453340054,538
13.1700952053,538
13.1975300312,526
13.2192502022,525
13.2415020466,515
13.2687501907,513
13.2945311069,516
13.3205831051,516
13.3418951035,518
13.3604800701,520
13.3816180229,520
13.41289711,526
13.4394900799,524
13.4604899883,518
13.4798240662,523
13.4994821548,527
13.5285811424,528
13.5511920452,525
13.5745751858,526
13.593971014,531
13.6159989834,533
13.6372861862,537
13.657597065,538
13.7054541111,551
13.7262201309,552
13.7484650612,555
13.7760410309,559
13.80037117,561
13.8210291862,571
13.8377211094,571
13.8577051163,565
13.8827421665,569
13.9022400379,575
13.9273810387,577
13.9534351826,574
13.9780881405,577
14.0006871223,573
14.0310590267,576
14.0560050011,574
14.0820059776,571
14.1093530655,573
14.1312401295,576
14.1505801678,577
14.1793410778,575
14.2053711414,574
14.2306900024,581
14.2595040798,578
14.3101971149,588
14.3387961388,600
14.3654370308,601
14.3900179863,605
14.4167950153,602
14.4412200451,603
14.4677171707,597
14.4937210083,589
14.5195021629,594
14.5417220592,595
14.5628051758,596
14.5918080807,594
14.6201281548,601
14.6821591854,618
14.7167081833,627
14.7460050583,636
14.7735390663,633
14.7995381355,635
14.8242490292,628
14.8488430977,626
14.871710062,620
14.9143571854,627
14.9350299835,625
14.9590361118,623
14.9869229794,626
15.0131001472,627
15.0383930206,628
15.0632901192,623
15.0904049873,624
15.1115391254,620
15.1313991547,623
15.1519901752,634
15.175109148,637
15.1944801807,639
15.2155220509,639
15.2378261089,639
15.2596151829,635
15.2899451256,629
15.3148941994,626
15.6589021683,605
15.6850171089,604
15.7106599808,604
15.7358460426,605
15.7620801926,610
15.78977108,616
15.8126380444,615
15.85268116,627
15.8856041431,625
15.9157421589,627
15.9521720409,630
15.970277071,628
15.9975230694,624
16.0217900276,623
16.04570508,626
16.0694999695,633
16.3094551563,611
16.3363711834,618
16.3598330021,623
16.3863940239,629
16.415982008,636
16.4418210983,637
16.4614980221,644
16.491341114,642
16.5120019913,642
16.5307500362,644
16.5539879799,646
16.5799031258,646
16.6022510529,650
16.6235690117,652
16.6456830502,652
16.6638650894,654
16.7155501842,669
16.73488307,671
16.7606492043,670
16.7897670269,669
16.812374115,667
16.8361530304,668
16.8605110645,676
16.8826789856,676
16.8995420933,674
16.9241321087,671
16.9510850906,669
16.9754071236,671
16.996568203,672
17.0222811699,675
17.0497791767,674
17.0781030655,676
17.1244280338,685
17.1386520863,683
17.1639051437,686
17.1904060841,686
17.218996048,691
17.242950201,690
17.2715990543,703
17.3207101822,711
17.334936142,708
17.3552901745,697
17.3790311813,697
17.3955490589,703
17.4207720757,702
17.4475550652,700
17.4719991684,698
17.4956691265,696
17.5368301868,696
17.5820419788,699
17.6165540218,700
17.6472561359,711
17.6699690819,718
17.695649147,719
17.7190310955,725
17.7422130108,727
17.7668280602,731
17.7940850258,726
17.8191440105,720
17.8422410488,728
17.866533041,723
17.9145309925,731
17.9374420643,732
17.9616541862,731
17.9855930805,735
18.0058481693,736
18.0254240036,736
18.0459389687,737
18.0626900196,737
18.0821361542,737
18.1094679832,741
18.1438560486,745
18.1692090034,750
18.1902830601,751
18.2066991329,752
18.2300992012,756
18.2568969727,757
18.2759490013,753
18.2976241112,756
18.3249320984,756
18.349241972,759
18.3773241043,757
18.4046311378,768
18.4264740944,767
18.448018074,770
18.4749941826,765
18.499256134,771
18.5237350464,771
18.553467989,778
18.5773701668,779
18.5997211933,783
18.6161491871,783
18.6374120712,784
18.6644690037,791
18.6945719719,799
18.7222671509,798
18.7434151173,806
18.7639241219,806
18.7863659859,803
18.8097751141,812
18.8429551125,815
18.8657531738,816
18.8860831261,817
18.9111711979,825
18.9365031719,827
18.9619021416,833
18.9953160286,845
19.0199561119,847
19.0405201912,849
19.0622720718,859
19.0861680508,858
19.1107990742,862
19.1412580013,863
19.1640532017,872
19.1799411774,871
19.1997821331,879
19.2246921062,880
19.2511000633,882
19.2736780643,879
19.2911109924,882
19.3126471043,888
19.3339600563,888
19.35415411,899
19.3824851513,901
19.4031000137,905
19.4246060848,908
19.4510600567,904
19.4779860973,901
19.5038731098,902
19.5263950825,901
19.5499119759,898
19.5664641857,894
19.5867671967,897
19.6121981144,896
19.6330070496,895
19.6561870575,896
19.6838731766,905
19.7043311596,905
19.7227101326,906
19.7505011559,915
19.7729570866,915
19.8027410507,913
19.8282670975,909
19.8538169861,913
19.8816170692,907
19.9050250053,909
19.930273056,906
19.9557521343,908
19.9816420078,905
20.0071220398,908
20.0319290161,908
20.0537600517,915
20.0737271309,917
20.1064841747,927
20.1294691563,926
20.1546740532,937
20.1789841652,937
20.2017459869,941
20.2227580547,947
20.2472221851,942
20.2672111988,941
20.2886970043,944
20.3180091381,942
20.3450181484,946
20.3723859787,946
20.3939449787,939
20.4116361141,936
20.4321022034,935
20.4582800865,935
20.4865891933,929
20.7112112045,931
20.7374601364,936
20.7540380955,943
20.772632122,944
20.7894129753,947
20.8047142029,960
20.8204731941,959
20.8357281685,963
20.8510351181,964
20.8721261024,968
20.8876540661,973
20.9018731117,979
20.9191980362,985
20.9332551956,988
20.9509441853,994
20.9669241905,995
20.9826359749,997
20.9977731705,999
21.0217161179,1000
21.0439970493,999
21.066822052,997
21.0903451443,998
21.1159870625,997
21.1402859688,996
21.1639959812,1000
21.1889250278,999
21.2108709812,997
21.507830143,756
21.5233211517,703
21.5375261307,658
21.5513761044,598
21.5654289722,552
21.583217144,482
21.5998301506,411
21.6308891773,321
21.6458461285,303
21.676992178,294
21.704583168,324
21.7407741547,392
21.7603230476,423
21.7799310684,453
21.8016870022,468
21.8177030087,484
21.8390831947,511
21.8621602058,527
21.8866100311,565
21.9135091305,603
21.9390921593,627
21.966258049,652
21.9920611382,667
22.0178701878,680
22.0412580967,693
22.0640461445,712
22.1217420101,740
22.146887064,757
22.1721680164,772
22.1991150379,786
22.2262480259,797
22.2492411137,806
22.2707691193,816
22.2958791256,828
22.3256540298,836
22.351183176,847
22.3748981953,857
22.3979980946,868
22.4210641384,875
22.4447159767,886
22.4618110657,892
22.4833581448,902
22.5106050968,905
22.5381951332,913
22.5586340427,914
22.5749361515,919
22.5947229862,927
22.6161441803,934
22.6331210136,938
22.6499750614,943
22.6684010029,953
22.708782196,957
22.732874155,968
22.7591481209,975
22.7850279808,981
22.8082690239,984
22.8245790005,991
22.8416249752,992
22.863795042,992
22.8912789822,996
22.9165260792,998
22.9434161186,997
22.9730010033,996
22.9980630875,1000
23.01862216,993
23.0404081345,1000
23.0669460297,997
23.0935430527,999
23.1223011017,996
23.1415231228,997
23.1632480621,999
23.1860170364,998
23.2020950317,997
23.2185761929,996
23.2351970673,988
23.2514870167,986
23.2997310162,977
23.3154270649,969
23.3348400593,971
23.3593561649,968
23.386286974,961
23.4060041904,952
23.4313380718,921
23.454403162,855
23.4791941643,783
23.5049631596,715
23.554666996,649
23.6013891697,616
23.6186029911,579
23.6331050396,520
23.6474721432,460
23.6619570255,421
23.6842591763,347
23.6999762058,302
23.7142891884,254
23.7283000946,234
23.768269062,256
23.7877709866,258
23.8090291023,266
23.8255109787,292
23.8490931988,328
23.8722190857,371
23.9160959721,421
23.9398591518,454
23.9595329762,475
23.9844720364,501
24.005616188,524
24.0280301571,551
24.0499620438,575
24.0690920353,598
24.0929341316,627
24.1159331799,646
24.1412820816,664
24.1627001762,680
24.1978490353,704
24.2193901539,718
24.2357020378,728
24.2562861443,739
24.2758340836,756
24.3017439842,766
24.3259840012,781
24.3491461277,795
24.3736150265,806
24.4024131298,820
24.4262320995,833
24.4492940903,842
24.4755749702,853
24.5163290501,868
24.5364480019,879
24.558768034,891
24.5847871304,903
24.607186079,916
24.6809711456,942
24.7138800621,952
24.7525320053,972
24.7902669907,987
24.8280341625,998
24.8711311817,999
24.900509119,998
24.9321160316,998
24.9464230537,995
24.9644060135,997
24.9784140587,999
24.9957630634,999
25.0112831593,1000
25.0293650627,999
25.0563640594,999
25.1119561195,1000
25.1308951378,997
25.152534008,998
25.1755480766,998
25.196310997,991
25.2172281742,992
25.2392711639,990
25.2555880547,984
25.2730309963,986
25.2888841629,981
25.3058030605,961
25.3288421631,943
25.3495781422,917
25.365653038,907
25.3944120407,880
25.4164531231,832
25.4350671768,798
25.4585189819,720
25.4813630581,659
25.4993360043,597
25.5217111111,526
25.546475172,446
25.5664470196,371
25.5829861164,323
25.6062409878,234
25.6291480064,184
25.6555950642,183
25.7123110294,262
25.7299451828,294
25.7560679913,345
25.7795960903,388
25.8028202057,433
25.8286111355,469
25.8566939831,496
25.8767931461,517
25.896281004,538
25.9255871773,578
26.2599201202,812
26.3035051823,839
26.3207261562,851
26.356290102,871
26.3704471588,878
26.3855199814,885
26.3997910023,894
26.4166970253,902
26.4327471256,913
26.4478681087,921
26.4633951187,928
26.4828031063,942
26.4982581139,948
26.5122201443,952
26.5377001762,963
26.5631711483,965
26.5905230045,981
26.6152551174,984
26.6444690228,993
26.6705071926,997
26.6960070133,1000
26.7229011059,999
26.749917984,998
26.7753350735,999
26.803786993,999
26.8321270943,997
26.8542490005,1000
26.8710341454,999
26.8963041306,1000
26.9186739922,999
26.9442710876,999
26.9694581032,997
26.9967520237,998
27.0202810764,999
27.0494971275,997
27.0757210255,999
27.1727871895,934
27.1874279976,923
27.2036840916,910
27.2177040577,900
27.2318820953,878
27.2473330498,843
27.2636580467,795
27.2901351452,719
27.3136470318,637
27.3336241245,579
27.3504641056,538
27.3694369793,485
27.3939971924,417
27.4215381145,319
27.4437100887,232
27.4653191566,159
27.5274090767,139
27.5537810326,190
27.5808460712,242
27.6084480286,301
27.6402750015,362
27.6637191772,396
27.6912209988,445
27.7117459774,466
27.7349250317,492
27.7554621696,516
27.7794351578,555
27.8069720268,582
27.8361721039,617
27.8634459972,657
27.884373188,677
27.9049420357,693
27.9210159779,701
27.9460551739,713
27.9730889797,736
28.0000519753,758
28.0261499882,777
28.0503489971,794
28.0760421753,810
28.1280801296,847
28.1484091282,861
28.1718800068,867
28.2011921406,885
28.2240531445,898
28.2505660057,914
28.2764790058,927
28.3074960709,940
28.3315541744,952
28.3517370224,960
28.3764710426,973
28.3982009888,977
28.4227130413,985
28.4406020641,999
28.4607820511,1000
28.4779551029,999
28.5007970333,1000
28.522133112,998
28.5404801369,997
28.5650939941,998
28.5810899734,998
28.60090518,997
28.6252741814,998
28.6520931721,998
28.6791009903,998
28.7269411087,999
28.7443540096,999
28.7712349892,999
28.7965471745,1000
28.8228909969,998
28.8459851742,997
28.8635730743,995
28.8805150986,992
28.9076240063,970
28.9318881035,943
28.9496331215,927
28.9754590988,898
29.0033919811,836
29.0290141106,764
29.0574121475,695
29.084346056,607
29.112112999,520
29.1431870461,442
29.1640319824,374
29.1869289875,290
29.2125120163,183
29.2277760506,152
29.2673239708,136
29.3225741386,168
29.3452141285,217
29.3693192005,260
29.3949360847,309
29.422273159,359
29.4537780285,408
29.4705541134,443
29.4943301678,479
29.5274510384,509
29.5859050751,561
29.6204600334,588
29.6437141895,610
29.6648461819,634
29.6874570847,663
29.7140991688,696
29.737621069,714
29.7596251965,730
29.7794921398,745
29.8025741577,760
29.8273320198,775
29.8426291943,784
29.858741045,793
29.8776171207,806
29.9214310646,833
29.9394001961,850
29.9699521065,873
29.9954330921,888
30.0222861767,906
30.0493040085,917
30.0767760277,933
30.1048810482,940
30.1316480637,955
30.1522271633,967
30.1712341309,973
30.1981611252,982
30.2208991051,993
30.2500681877,1000
30.2763040066,998
30.2956659794,1000
30.3121840954,1000
30.3318619728,996
30.3580901623,999
30.3793661594,995
30.3954231739,997
30.4176859856,999
30.4422230721,999
30.4653441906,997
30.481924057,997
30.5242631435,998
30.5479161739,995
30.5743479729,999
30.602460146,992
30.6245810986,984
30.6449561119,974
30.668790102,968
30.6944320202,958
30.7156951427,933
30.7353901863,917
30.7614490986,854
30.7874000072,780
30.8118841648,707
30.8283979893,660
30.8474349976,616
30.8725070953,550
30.8883781433,507
30.9072391987,456
30.930172205,403
30.953150034,334
30.9817121029,243
31.0100080967,168
31.0305101871,113
31.0492551327,98
31.0732719898,123
31.1244840622,196
31.1461851597,238
31.1693341732,288
31.1980581284,341
31.2202451229,386
31.2412340641,426
31.2646460533,465
31.2890319824,498
31.3126511574,525
31.3359100819,557
31.357833147,585
31.385281086,617
31.4020130634,635
31.4206089973,656
31.4444100857,686
31.8406171799,893
31.8683459759,904
31.8843970299,913
31.8987669945,917
31.9133679867,919
31.9454901218,936
31.9614901543,945
31.9755170345,951
31.9932000637,957
32.0069320202,962
32.0230510235,967
32.0388991833,979
32.0532140732,984
32.0673310757,991
32.0880491734,998
32.1322190762,999
32.1464481354,999
32.1646389961,998
32.1822741032,997
32.2090160847,999
32.2356381416,1000
32.2617170811,999
32.2889561653,999
32.3250141144,999
32.3543100357,999
32.3797330856,999
32.4082760811,997
32.4363491535,998
32.4595410824,999
32.4875450134,995
32.5113539696,990
32.5433959961,981
32.8162369728,118
32.8320081234,84
32.8479351997,84
32.8775839806,86
32.9290239811,149
32.9584891796,195
32.9829890728,245
33.0037331581,291
33.0294270515,347
33.0574800968,411
33.0886731148,475
33.1124770641,498
33.1409020424,531
33.1649429798,558
33.1946680546,593
33.2184510231,616
33.2421610355,645
33.2661581039,672
33.2904641628,684
33.316298008,707
33.3464801311,733
33.370388031,750
33.3965671062,773
33.4221470356,791
33.4442410469,810
33.4663460255,830
33.493347168,852
33.5176479816,860
33.5490851402,873
33.5706532001,879
33.5899751186,884
33.6153931618,891
33.6417651176,899
33.6626951694,911
33.6870701313,914
33.7134280205,923
33.7370791435,928
33.7536420822,932
33.7704350948,935
33.7870090008,940
33.8084759712,954
33.8237600327,958
33.845993042,967
33.8658401966,971
33.8931820393,983
33.9211940765,992
33.9513909817,1000
33.973304987,1000
34.0014400482,999
34.0268089771,1000
34.0713829994,999
34.0993711948,999
34.1219270229,1000
34.1535379887,1000
34.1822731495,999
34.2106490135,1000
34.2372920513,999
34.2648761272,999
34.2846221924,999
34.3005580902,999
34.3216061592,990
34.3505861759,967
34.3647711277,950
34.3904759884,920
34.4191441536,858
34.4453761578,793
34.4703900814,732
34.4901440144,677
34.5069360733,644
34.5245790482,618
34.5433580875,567
34.5686941147,506
34.5941810608,435
34.6171281338,374
34.6411831379,304
34.6679141521,243
34.7204151154,156
34.7389941216,90
34.7619800568,85
34.833507061,109
34.8777680397,165
34.8952391148,196
34.9197380543,242
34.9367761612,273
34.9679851532,334
34.9896681309,373
35.0165832043,417
35.0430641174,447
35.0715069771,480
35.0947191715,507
35.1133031845,531
35.1372590065,560
35.1644961834,596
35.1902740002,628
35.2160639763,651
35.2430250645,669
35.2712039948,690
35.2949390411,709
35.3117601871,724
35.3374800682,744
35.3663830757,766
35.3882989883,786
35.4048080444,796
35.4291009903,815
35.4449281693,822
35.4719569683,840
35.4956111908,846
35.5280640125,854
35.5739941597,879
35.6058211327,896
35.6224482059,906
35.6402921677,920
35.6659049988,936
35.6940209866,947
35.7211430073,956
35.7436881065,969
35.7651181221,979
35.7908320427,993
35.8132970333,1000
35.8356001377,1000
35.8572809696,999
35.8847770691,998
35.9105100632,999
35.9393701553,998
35.9655711651,997
35.9904601574,999
36.01862216,997
36.0447731018,1000
36.0704391003,996
36.0969471931,1000
36.1238939762,1000
36.1517231464,999
36.1766781807,999
36.2039780617,989
36.2282161713,973
36.2546570301,938
36.2808601856,863
36.3081021309,786
36.329583168,728
36.3537759781,667
36.3812160492,596
36.4083960056,548
36.4428811073,471
36.469630003,398
36.4932739735,346
36.5203661919,285
36.5503480434,214
36.5740160942,139
36.6001081467,126
36.6185421944,148
36.6443450451,181
36.6699740887,224
36.6952440739,268
36.7181491852,316
36.746420145,363
36.7719671726,408
36.7975502014,444
36.8218929768,467
36.8470921516,500
36.877366066,536
36.8993880749,560
36.9207620621,592
36.9477310181,628
36.9768230915,657
36.9950129986,669
37.0212550163,692
37.0481891632,711
37.0713150501,724
37.0981571674,751
37.1300001144,770
37.1516110897,790
37.1783061028,812
37.2021939754,831
37.225069046,850
37.2489671707,867
37.271064043,880
37.3003530502,903
37.327466011,917
37.3549389839,930
37.3793361187,943
37.3962590694,951
37.413465023,957
37.4418070316,970
37.4693050385,985
37.4964900017,1000
37.5224640369,999
37.8821361065,971
37.8997981548,959
37.9144999981,945
37.9287850857,928
37.9440221786,887
37.9591710567,861
37.9747581482,821
37.9900810719,790
38.0107650757,748
38.0246100426,711
38.0389220715,677
38.0554630756,635
38.0712361336,597
38.0867600441,554
38.1023600101,511
38.1173090935,473
38.1328411102,442
38.1467180252,410
38.1636440754,368
38.1810770035,337
38.1952161789,299
38.210021019,266
38.2250611782,221
38.2388081551,179
38.2531180382,138
38.2713840008,96
38.2856981754,58
38.3326849937,72
38.3549501896,119
38.3788690567,169
38.4046480656,218
38.4310791492,274
38.4603681564,331
38.4845831394,382
38.5135290623,423
38.5381700993,460
38.5652401447,497
38.5899400711,528
38.6064100266,549
38.6317870617,583
38.6581730843,617
38.6851570606,655
38.7136750221,676
38.7381141186,695
38.764288187,715
38.7929770947,742
38.8188641071,762
38.8470320702,786
38.8719141483,806
38.9128401279,831
38.9384269714,849
38.9664421082,871
38.9922289848,889
39.0200090408,901
39.0381531715,910
39.0638210773,923
39.0801970959,934
39.1062660217,947
39.133161068,961
39.1540191174,974
39.1729500294,988
39.193914175,999
39.2196490765,1000
39.2451851368,998
39.2689511776,999
39.2925181389,999
39.317276001,999
39.3389840126,999
39.3667631149,1000
39.3928580284,998
39.4135220051,998
39.4332640171,1000
39.4573450089,998
39.4732069969,999
39.5191760063,999
39.5446770191,1000
39.5666930676,997
39.5834732056,997
39.6028580666,996
39.6278371811,974
39.652050972,940
39.6793010235,893
39.7059850693,822
39.7297589779,766
39.7462890148,728
39.7688541412,678
39.7923099995,614
39.816286087,556
39.8476331234,490
39.8669490814,445
39.8839981556,412
39.9025390148,372
39.9310441017,310
39.9558200836,248
39.9768550396,184
39.9933390617,138
40.019010067,160
40.047216177,198
40.0701019764,242
40.0911400318,284
40.1259710789,328
40.149474144,370
40.1766619682,425
40.2012150288,461
40.2288181782,502
40.2539169788,529
40.2709021568,552
40.2937800884,578
40.3123340607,604
40.3340301514,633
40.3538091183,661
40.3789761066,691
40.4006371498,711
40.4243621826,728
40.4438991547,741
40.4645102024,755
40.48229599,771
40.5063061714,789
40.5342710018,811
40.6702260971,916
40.6910681725,929
40.718996048,942
40.7390260696,958
40.766682148,969
40.7936780453,984
40.8192300797,997
40.847892046,1000
40.8737781048,999
40.900534153,1000
40.9271540642,1000
40.9557890892,1000
40.9821231365,1000
41.0061700344,999
41.0348520279,999
41.059689045,1000
41.0870950222,1000
41.1129860878,999
41.1396520138,999
41.1810259819,1000
41.2059891224,985
41.2331390381,952
41.2592101097,902
41.2864069939,842
41.3185341358,813
41.3380551338,767
41.3537580967,735
41.3726789951,683
41.3992061615,634
41.4250621796,569
41.4470100403,523
41.4721632004,464
41.4961981773,408
41.5308849812,356
41.5667600632,327
41.606552124,299
41.6302671432,254
41.651499033,209
41.6717021465,144
41.6980941296,125
41.7124099731,130
41.7316851616,145
41.7534279823,191
41.7798089981,250
41.8102831841,320
41.8322541714,364
41.8622620106,417
41.8842990398,451
41.933740139,504
41.9481890202,527
41.9693210125,559
41.9950871468,592
42.0169379711,624
42.0402441025,658
42.0826661587,710
42.1069030762,730
42.1402511597,749
42.1627511978,764
42.1904261112,785
42.218528986,808
42.2438611984,831
42.2725331783,856
42.2982361317,878
42.3244001865,898
42.3566420078,927
42.3853271008,952
42.4116141796,963
42.4372520447,972
42.4649550915,990
42.4868659973,1000
42.5364990234,997
42.564496994,998
42.5889492035,1000
42.6151611805,999
42.639947176,999
42.6653490067,1000
42.6905450821,1000
42.7182290554,999
42.7420990467,1000
42.7656881809,1000
42.7876529694,1000
42.8113911152,999
42.8372790813,999
42.8650419712,1000
42.8945930004,986
42.9206030369,946
42.9467520714,882
42.9741840363,820
42.9973111153,764
43.0205709934,707
43.045935154,644
43.0750341415,585
43.1021990776,528
43.1386020184,483
43.1652200222,413
43.1909780502,337
43.221170187,263
43.2417891026,198
43.2651979923,142
43.2849361897,110
43.3052780628,95
43.3220469952,86
43.345482111,101
43.3718919754,151
43.3938281536,191
43.4190580845,242
43.4439690113,301
43.467094183,340
43.4937260151,399
43.5243501663,453
43.5484189987,485
43.5687329769,509
43.5858771801,533
43.6069071293,561
43.6293621063,592
44.1374261379,1000
44.1651411057,999
44.1817450523,998
44.1973721981,1000
44.2152900696,999
44.2301051617,999
44.2441511154,999
44.2602710724,998
44.2793421745,1000
44.2937669754,1000
44.3296861649,998
44.3440129757,1000
44.3592841625,998
44.3796520233,1000
44.3950111866,1000
44.4101581573,1000
44.4336149693,999
44.4491331577,1000
44.4665331841,998
44.4820079803,994
44.4970011711,981
44.5109510422,963
44.5293421745,923
44.5437860489,889
44.5591111183,859
44.5805881023,825
44.5976901054,796
44.6133491993,768
44.6272051334,747
44.955466032,374
44.9775590897,303
44.9915180206,265
45.0056869984,228
45.0223970413,198
45.038244009,199
45.0708370209,236
45.0969619751,270
45.1252410412,334
45.1508090496,393
45.1779429913,447
45.1950311661,475
45.2196471691,511
45.2370200157,532
45.2551040649,557
45.2727060318,581
45.2872309685,591
45.3086690903,624
45.3357801437,660
45.3711280823,707
45.3969290257,732
45.4147350788,747
45.4450800419,776
45.4698359966,794
45.4982740879,827
45.5390021801,859
45.5595631599,871
45.579116106,886
45.5959150791,902
45.6242320538,933
45.649698019,956
45.6722891331,977
45.6966969967,994
45.7183320522,1000
45.7457489967,1000
45.7704651356,997
45.7890441418,1000
45.8194520473,999
45.8440589905,1000
45.8724381924,1000
45.9005231857,1000
45.9203300476,1000
45.9364290237,999
45.9544351101,999
45.9736530781,1000
45.9894280434,997
46.0069820881,999
46.0233380795,997
46.0486061573,1000
46.0699460506,997
46.0895571709,1000
46.1387300491,989
46.1526501179,969
46.1730890274,932
46.1936860085,883
46.2093961239,852
46.2329471111,809
46.2612559795,731
46.2887470722,677
46.3124701977,614
46.3366630077,565
46.3610961437,512
46.3861629963,448
46.408894062,389
46.4356281757,319
46.4625170231,245
46.4826180935,185
46.5000030994,138
46.5166530609,133
46.5399620533,154
46.566516161,181
46.5903151035,247
46.6102850437,290
46.6298570633,332
46.6526501179,379
46.6775391102,431
46.7030570507,480
46.7482271194,530
46.7763121128,569
46.7991511822,604
46.824131012,646
46.8494319916,686
46.871281147,718
46.8943660259,751
46.9156351089,779
46.9417090416,805
46.9665441513,833
46.988407135,859
47.009953022,880
47.036812067,911
47.0605139732,933
47.0913660526,965
47.1533491611,999
47.1686031818,998
47.1839601994,1000
47.2028510571,999
47.2325019836,999
47.2544190884,996
47.2715950012,1000
47.2888660431,1000
47.3076381683,998
47.3480319977,999
47.3638801575,1000
47.390045166,999
47.4159781933,1000
47.4456160069,1000
47.4729001522,1000
47.498691082,999
47.5436010361,994
47.5862309933,956
47.6175441742,919
47.6350600719,903
47.6526451111,887
47.6666791439,858
47.6817090511,822
47.6976661682,790
47.72016716,736
47.7436821461,678
47.7770810127,622
47.8019449711,563
48.1034531593,487
48.1286711693,527
48.1475059986,557
48.1618211269,575
48.1771609783,597
48.1963009834,630
48.2148010731,659
48.2305481434,679
48.2517931461,709
48.2703621387,739
48.3003361225,789
48.3159091473,806
48.3338851929,824
48.348845005,836
48.3656020164,854
48.3953051567,886
48.4207181931,911
48.4449131489,934
48.4636650085,954
48.4868991375,976
48.513504982,998
48.5405211449,1000
48.5664820671,1000
48.5954129696,997
48.6199381351,998
48.6469750404,1000
48.6746242046,998
48.7024781704,1000
48.7300271988,999
48.7513551712,997
48.7716519833,999
48.7881550789,999
48.8073730469,1000
48.8274431229,998
48.8572480679,998
48.8786730766,996
49.1070501804,469
49.1209301949,435
49.1357161999,400
49.1506700516,370
49.1659200191,339
49.1811060905,302
49.1956021786,258
49.2124831676,220
49.226899147,190
49.25780797,222
49.2896351814,296
49.3063900471,317
49.3267951012,367
49.3516252041,423
49.3741900921,478
49.40061903,516
49.4235150814,553
49.447988987,590
49.4709131718,624
49.4989700317,673
49.5213670731,709
49.5456800461,741
49.5651900768,766
49.5945789814,804
49.6188950539,828
49.6431031227,853
49.6586041451,871
49.6774661541,892
49.7038171291,924
49.7296700478,952
49.7536230087,979
49.780654192,999
49.8083021641,1000
49.8318030834,1000
49.858041048,999
49.8786351681,1000
49.899296999,995
49.9222240448,1000
49.9411211014,999
49.9616861343,999
49.9787950516,998
49.9980690479,997
50.0239131451,999
50.0539469719,999
50.0794141293,998
50.1088840961,999
50.1285510063,998
50.1471581459,987
50.170648098,950
50.2002871037,891
50.2218661308,854
50.2385251522,831
50.255669117,804
50.2720961571,768
50.2976891994,716
50.3249840736,661
50.3564059734,595
50.3765439987,554
50.3986341953,500
50.4191150665,459
50.4425811768,393
50.4662771225,329
50.4856250286,279
50.5170571804,203
50.5413730145,181
50.5626740456,218
50.5872490406,245
50.6152141094,307
50.6386380196,360
50.6619310379,426
50.6840369701,481
50.7097351551,525
50.7297132015,555
50.7480251789,588
50.772644043,633
50.7944731712,663
50.8182070255,705
50.8409121037,745
50.8655011654,781
50.889909029,818
50.9116930962,845
50.9355430603,871
50.9570701122,896
50.9822220802,919
51.0088222027,949
51.0317981243,976
51.0533289909,996
51.0734541416,999
51.0984680653,1000
51.1227681637,1000
51.1501371861,997
51.1758320332,1000
51.1991810799,997
51.2254951,1000
51.2452120781,1000
51.2652690411,1000
51.2895491123,999
51.3120241165,1000
51.3333301544,999
51.3622879982,1000
51.3871750832,998
51.4097599983,997
51.4313471317,979
51.4526700974,938
51.4685890675,925
51.4853420258,893
51.5025939941,872
51.5188651085,847
51.5354011059,816
51.5575141907,771
51.5809710026,726
51.6090431213,659
51.6349401474,606
51.6603431702,552
51.6831400394,498
51.7036349773,447
51.7324721813,391
51.7554810047,316
51.7752380371,274
51.7993891239,209
51.8197650909,163
51.8496170044,164
51.8725810051,155
51.8990361691,194
51.9231619835,262
51.9456341267,334
51.9698321819,390
51.9920730591,447
52.0197310448,504
52.0429310799,542
52.0692391396,581
52.0954120159,627
52.1519789696,701
52.1772451401,748
52.2020540237,792
52.2290811539,843
52.2523181438,879
52.2776210308,906
52.2990920544,928
52.3197691441,955
52.3383290768,975
52.3630809784,999
52.3835120201,1000
52.4062941074,999
52.4357430935,1000
52.4607419968,998
52.4890940189,1000
52.5130190849,1000
52.5383710861,999
52.5626740456,998
52.5888631344,1000
52.6161131859,1000
52.6420171261,999
52.6720371246,997
52.6970191002,997
52.7308840752,996
52.7490720749,983
52.7786450386,931
52.8051331043,884
52.8314239979,849
52.8612020016,811
52.8857810497,771
53.1446120739,299
53.1748301983,379
53.2024781704,448
53.2324051857,516
53.2581160069,565
53.2723779678,585
53.2885460854,609
53.3342740536,660
53.3598070145,706
53.3858661652,751
53.4105360508,795
53.4285290241,826
53.4545781612,868
53.4769761562,894
53.4948010445,909
53.5336260796,937
53.5723571777,954
53.6206791401,982
53.6453721523,996
53.6672830582,1000
53.6951200962,999
53.7208940983,1000
53.7499771118,1000
53.7725250721,1000
53.7951831818,1000
54.0378620625,903
54.0566310883,868
54.0705480576,842
54.0845851898,821
54.098662138,798
54.1137661934,775
54.1289989948,749
54.1441371441,725
54.1591160297,693
54.173140049,672
54.1873991489,641
54.2041101456,603
54.2185790539,568
54.2345190048,525
54.2494511604,492
54.2634060383,463
54.2794191837,417
54.3028781414,355
54.3167710304,320
54.3345251083,267
54.3541321754,233
54.3739910126,202
54.4026851654,216
54.43466115,294
54.4600100517,334
54.477159977,373
54.4997150898,433
54.5482561588,510
54.5760631561,559
54.603290081,598
54.6250400543,629
54.6500170231,668
54.6739680767,705
54.700507164,733
54.7209231853,760
54.7492001057,794
54.773471117,820
54.794273138,835
54.8197031021,859
54.8635451794,904
54.8842220306,921
54.9252090454,959
54.9588670731,987
54.9850571156,1000
55.0109801292,1000
55.0369391441,1000
55.0622861385,1000
55.0778670311,1000
55.1059241295,998
55.145455122,1000
55.1720330715,999
55.1972801685,1000
55.2223570347,998
55.2470650673,999
55.2682430744,999
55.2874221802,996
55.308163166,995
55.3276281357,995
55.3597681522,996
55.3858780861,999
55.4101090431,973
55.4351890087,941
55.4585289955,899
55.4856760502,864
55.5071880817,829
55.5267980099,806
55.5475401878,761
55.5648741722,733
55.5810050964,698
55.6022520065,652
55.6284611225,578
55.6569731236,501
55.6830761433,433
55.7350051403,328
55.7490811348,299
55.766010046,254
55.7904131413,182
55.8109221458,133
55.8340010643,150
55.861700058,189
55.8895070553,252
55.9196100235,314
55.9435579777,387
55.979473114,475
56.0080020428,536
56.0345580578,584
56.0611371994,643
56.083381176,685
56.1079092026,724
56.1326580048,774
56.16101408,825
56.184305191,868
56.2110931873,901
56.2345371246,931
56.2618751526,962
56.2836670876,990
56.330021143,997
56.3592190742,998
56.3839271069,1000
56.4114251137,1000
56.4321742058,998
56.4515860081,1000
56.4766299725,998
56.5014879704,999
56.5302681923,1000
56.5517070293,997
56.5698201656,996
56.5847830772,997
57.0328001976,158
57.0692951679,221
57.0949091911,263
57.1530780792,341
57.1820940971,432
57.2007801533,482
57.2208020687,515
57.235268116,542
57.2494270802,557
57.2684261799,589
57.2829921246,610
57.2995381355,640
57.3288781643,683
57.3566770554,731
57.381811142,780
57.4079771042,820
57.4352309704,863
57.4562699795,885
57.4751300812,908
57.5024440289,937
57.543569088,967
57.5703001022,993
57.5935189724,1000
57.6190671921,999
57.7617311478,1000
57.779553175,997
57.7961771488,996
57.8101460934,994
57.8349189758,994
57.8498840332,993
57.8739700317,994
57.8959021568,994
57.917301178,993
57.9456100464,993
57.9731030464,958
57.997549057,923
58.0238621235,861
58.0532491207,810
58.0758001804,758
58.0934751034,725
58.1418390274,658
58.1658849716,600
58.1896162033,550
58.2075400352,505
58.2349140644,424
58.2620890141,353
58.2905130386,276
58.3158731461,204
58.3393611908,146
58.5701730251,541
58.5859210491,573
58.6005921364,596
58.6164531708,622
58.6354150772,653
58.6524651051,687
58.6679120064,717
58.6850659847,754
58.6992950439,776
58.7344071865,830
58.7585639954,868
58.7813870907,915
58.8095090389,950
58.8330411911,980
58.8574461937,1000
59.0902540684,989
59.1069841385,991
59.1250121593,987
59.1395061016,990
59.1534171104,986
59.1708540916,987
59.1904900074,988
59.2078881264,985
59.222340107,990
59.2370531559,984
59.2609200478,947
59.2892730236,900
59.3158521652,859
59.3436691761,838
59.3705830574,793
59.7269351482,70
59.7520930767,130
59.7761440277,186
59.8113691807,288
59.8254261017,334
59.843006134,384
59.8689570427,441
59.8959841728,492
59.9396340847,528
59.9561021328,554
59.9842159748,587
60.0109391212,625
60.0311532021,657
60.051333189,685
60.0725381374,721
60.0958650112,761
60.1214380264,806
60.1421320438,831
60.1666960716,864
60.1893751621,888
60.2138991356,915
60.2345731258,936
60.2559020519,959
60.2814180851,986
60.3014571667,1000
60.3217899799,1000
60.3413641453,1000
60.3566169739,997
60.3738641739,997
60.3911831379,999
60.4127130508,999
60.4402370453,999
60.4622650146,998
60.4894449711,998
60.518543005,1000
60.5456840992,996
60.5701751709,998
60.5904710293,996
60.6098079681,1000
60.6326839924,996
60.6564490795,996
60.6803481579,998
60.7124550343,994
60.7364470959,996
60.7577240467,990
60.7794191837,952
60.7996480465,912
60.8258981705,850
60.8517801762,791
60.8733830452,745
60.9003551006,690
60.9228961468,637
60.9471261501,576
60.9785330296,514
61.0037791729,450
61.0228521824,405
61.0439150333,353
61.0603621006,316
61.0796790123,277
61.104624033,214
61.1497101784,142
61.1783730984,70
61.2151792049,55
61.2428021431,130
61.2662141323,181
61.2890219688,226
61.311645031,287
61.3350930214,335
61.356867075,386
61.3849821091,450
61.404998064,485
61.4249141216,522
61.4462640285,553
61.472905159,597
61.4951441288,635
61.5171129704,674
61.5431730747,720
61.5707201958,766
61.5967900753,813
61.6223859787,845
61.6459991932,869
61.673210144,907
61.6952660084,930
61.7166991234,951
61.7645139694,980
61.7884411812,999
61.8123500347,999
61.8397650719,1000
61.8642640114,999
61.8903501034,999
61.9141480923,1000
61.9380700588,999
61.9646761417,998
61.9919099808,998
62.0151221752,997
62.0410490036,999
62.0647740364,1000
62.0864870548,997
62.1079080105,998
62.1250879765,999
62.1626770496,998
62.1833610535,997
62.2048511505,994
62.2268321514,993
62.2508981228,968
62.2796330452,916
62.3009240627,873
62.3186731339,838
62.3581821918,795
62.3731122017,758
62.3924031258,720
62.4111680984,675
62.436093092,614
62.4635770321,554
62.4847021103,507
62.5060470104,455
62.5310270786,391
62.5576500893,330
62.5823190212,274
62.6081089973,205
62.6283690929,154
62.6457870007,116
62.6707789898,65
62.6978280544,58
62.7235200405,100
62.74842906,148
62.7649149895,180
62.7922132015,241
62.8179531097,309
62.8433701992,363
62.8707590103,428
62.8979840279,481
62.9284851551,529
62.9610362053,565
62.9773700237,591
63.004139185,641
63.0324831009,697
63.0602550507,747
63.0838620663,789
63.3215961456,999
63.340722084,996
63.3569250107,999
63.3732171059,1000
63.3876981735,998
63.4052000046,999
63.4203751087,999
63.4372689724,1000
63.4543590546,996
63.4721591473,995
63.485804081,999
63.5043840408,998
63.5320820808,998
63.5577540398,998
63.5845761299,997
63.6114270687,999
63.6355681419,1000
63.6520831585,997
63.6710541248,993
63.693570137,974
63.7207760811,920
63.7498261929,861
63.7749361992,801
63.7954571247,762
63.819229126,701
63.8456110954,644
63.8703529835,592
64.1189301014,128
64.1468901634,191
64.1617701054,219
64.1847040653,276
64.2027239799,312
64.2193391323,348
64.2410480976,402
64.2629821301,455
64.2905380726,510
64.3145530224,555
64.336838007,590
64.3565621376,625
64.3800821304,665
64.4058392048,704
64.4313700199,739
64.458741188,779
64.4844431877,809
64.5078351498,828
64.5367701054,852
64.5586321354,868
64.58010602,885
64.5999062061,899
64.6233870983,911
64.6464591026,918
64.6723291874,921
64.6948370934,926
64.7207300663,930
64.7487061024,935
64.7701411247,946
64.7957410812,955
64.8178529739,961
64.9082491398,978
64.9385120869,991
64.9732840061,995
64.9879741669,996
65.0384991169,999
65.0647511482,1000
65.0814721584,997
65.0981869698,999
65.1144900322,1000
65.1317121983,1000
65.1499040127,999
65.1640281677,998
65.1789901257,998
65.1939401627,997
65.2092289925,995
65.2248151302,998
65.2402989864,998
65.268887043,996
65.2903840542,990
65.3086230755,994
65.3315479755,994
65.3598880768,991
65.3885540962,994
65.4098119736,996
65.4261801243,991
65.4432961941,989
65.4629061222,982
65.4920010567,970
65.5668861866,907
65.6053659916,861
65.6357350349,848
65.6521401405,829
65.6685800552,800
65.6825230122,776
65.6971120834,747
65.710875988,719
65.7257301807,683
65.7412371635,650
65.7559239864,628
65.7711610794,596
65.7869691849,565
65.8021020889,531
65.8176350594,495
65.8331279755,459
65.8475739956,426
65.8639981747,399
65.8779242039,366
65.8924679756,335
65.9161071777,275
65.9422869682,212
65.9666171074,155
65.9950950146,89
66.0193750858,43
66.0454511642,12
66.071336031,65
66.0988640785,124
66.1167941093,161
66.1441071033,233
66.173222065,311
66.1984992027,374
66.2267050743,441
66.25207901,489
66.2783231735,533
66.3051190376,577
66.3315360546,625
66.3630139828,668
66.3903791904,726
66.4086341858,758
66.4316911697,799
66.4557361603,839
66.4838151932,870
66.5089612007,893
66.5359580517,910
66.5644431114,924
66.5890700817,931
66.6182301044,945
66.6426281929,948
66.6695270538,956
66.6944570541,963
66.719686985,971
66.7418661118,977
66.7692961693,985
66.7955482006,988
66.8239591122,994
66.84958601,998
66.8751401901,999
66.9056150913,999
66.9312951565,994
66.9566709995,996
66.9829101562,1000
67.0110549927,994
67.0378279686,992
67.0579211712,989
67.0823149681,994
67.1055181026,995
67.1305491924,995
67.1648011208,998
67.1850631237,999
67.2138950825,996
67.2399761677,998
67.2654421329,998
67.2923569679,999
67.3206470013,959
67.3467459679,896
67.3748950958,846
67.3987550735,787
67.4244639874,732
67.4453091621,683
67.471886158,620
67.4934120178,569
67.515583992,517
67.5391941071,462
67.5627391338,401
67.5891821384,343
67.6160521507,272
67.6446070671,211
67.6687819958,161
67.6951971054,106
67.7465240955,22
67.76572299,27
67.790954113,80
67.8129529953,134
67.8408870697,202
67.8644161224,250
67.8833940029,298
67.9060561657,355
67.934169054,425
67.9587991238,475
67.9869310856,519
68.0157079697,568
68.0432641506,611
68.0699110031,662
68.095908165,708
68.1184899807,752
68.1388931274,789
68.1633930206,831
68.1900491714,864
68.2166030407,888
68.2445631027,904
68.2707331181,921
68.2984881401,929
68.3270070553,931
68.3544039726,936
68.3810260296,942
68.4025111198,951
68.4263641834,958
68.4502689838,964
68.4783270359,973
68.5051400661,978
68.5330781937,984
68.5562741756,988
68.5848519802,1000
68.6080989838,1000
68.6333141327,998
68.6549119949,996
68.6843659878,998
68.7064361572,996
68.7348461151,992
68.7584221363,995
68.7911779881,993
68.8130321503,993
68.8389701843,991
68.8629021645,992
68.8891170025,994
68.9050121307,990
69.1232321262,812
69.140846014,765
69.1668820381,702
69.1929171085,640
69.2202751637,572
69.246792078,508
69.2746679783,437
69.300014019,380
69.3278269768,309
69.3528900146,245
69.3810482025,175
69.4074909687,114
69.4338190556,45
69.4648830891,6
69.4912080765,71
69.5152840614,131
69.557363987,203
69.5806891918,266
69.6071801186,359
69.6337389946,436
69.6614670753,509
69.6870851517,564
69.7141580582,620
69.7432260513,680
69.767439127,725
69.7940950394,780
69.8208379745,838
69.8473131657,886
69.9950339794,911
70.0204060078,912
70.0480999947,919
70.0743889809,916
70.101154089,916
70.1494710445,925
70.1737010479,931
70.2012140751,929
70.2276391983,934
70.2542271614,935
70.2809619904,937
70.307860136,941
70.3349452019,945
70.3618819714,946
70.3879060745,946
70.4139130116,952
70.6085071564,952
70.6247301102,951
70.6385850906,952
70.6540870667,953
70.6697511673,953
70.6856591702,955
70.7029201984,955
70.7452721596,955
70.7620370388,960
70.7861671448,960
70.8024260998,960
70.8284020424,957
70.849047184,954
70.8663849831,954
70.8835561275,957
70.906140089,963
70.9323210716,964
70.9584941864,962
70.9797420502,961
70.998360157,962
71.0190441608,961
71.0391690731,956
71.0588719845,958
71.0852119923,960
71.1079051495,960
71.1294209957,958
71.1486501694,959
71.1751470566,956
71.1986479759,954
71.2198941708,952
71.2432470322,950
71.2673101425,951
71.2828111649,953
71.4301371574,943
71.6788790226,938
71.6947081089,938
71.7085561752,937
71.7249381542,936
71.7402670383,935
71.7541520596,934
71.7683720589,932
71.7831041813,936
71.7971100807,932
71.8114430904,932
71.8283061981,931
71.8432660103,933
71.8608250618,935
71.8802671432,931
71.8969831467,931
71.9121220112,930
71.9499731064,930
71.9705660343,931
71.9880330563,932
72.0035440922,932
72.0196301937,935
72.0340471268,933
72.0489881039,935
72.0648341179,930
72.0812630653,930
72.0971670151,926
72.1114411354,928
72.1303269863,929
72.1603970528,934
72.1744689941,933
72.1920440197,930
72.2090029716,933
72.2229251862,934
72.2370619774,929
72.25187397,934
72.273193121,933
72.2956840992,935
72.3255691528,930
72.3480391502,934
72.376502037,933
72.3973140717,934
72.4224359989,932
72.4490861893,930
72.476637125,926
72.4986431599,919
72.5259401798,915
72.5603280067,913
72.5890390873,917
72.6119291782,913
72.6369981766,911
72.6582510471,905
72.6884601116,911
72.7125790119,906
72.7411990166,906
72.7657291889,906
72.790982008,906
72.8183600903,902
72.8406631947,900
72.8629510403,902
72.88945508,899
72.9132201672,898
72.9343521595,897
72.9545891285,897
72.982530117,897
73.0060760975,899
73.0301702023,900
73.0488061905,901
73.0773220062,903
73.1006641388,900
73.123319149,899
73.2835681438,899
73.2982251644,901
73.3135550022,899
73.3276991844,899
73.3427150249,900
73.3646261692,898
73.3922581673,897
73.4168081284,899
73.4447600842,896
73.4695560932,897
73.496404171,899
73.5236840248,899
73.5501670837,897
73.5796730518,894
73.6032860279,899
73.6297621727,900
73.6559979916,898
73.6811041832,899
73.6973781586,900
73.7227721214,900
73.7555611134,900
73.7811021805,900
73.8044011593,901
73.8286230564,905
73.8445651531,899
73.8693490028,900
73.8972251415,902
73.9228100777,901
73.9501919746,903
73.9791600704,906
74.3624310493,895
74.377104044,895
74.3947310448,893
74.4100830555,893
74.4247510433,891
74.4431960583,892
74.4584321976,891
74.4736990929,893
74.4913990498,892
74.5067210197,894
74.5216040611,894
74.5392711163,895
74.5536310673,893
74.5692961216,892
74.5860071182,898
74.600110054,894
74.8278701305,893
74.8428521156,893
74.8579571247,895
74.8740639687,894
74.889095068,898
74.9053270817,895
74.9225091934,894
74.959842205,893
74.9749650955,894
75.0221450329,896
75.0481851101,898
75.0641860962,895
75.0803031921,894
75.0965731144,896
75.1127691269,893
75.1311640739,895
75.1477940083,897
75.1627120972,894
75.1771430969,895
75.1936120987,893
75.2099699974,894
75.2297751904,896
75.2442619801,896
75.2605881691,896
75.2760300636,896
75.2936429977,897
75.3100841045,897
75.3332791328,894
75.3618819714,894
75.3869521618,887
75.4141261578,883
75.442399025,877
75.4588901997,878
75.4870991707,871
75.5134100914,866
75.5712270737,857
75.5926921368,855
75.61373806,853
75.8154320717,821
75.8296201229,818
75.8462581635,820
75.8721301556,821
75.8870010376,821
75.9042391777,821
75.9205091,821
75.9377481937,821
75.9531099796,822
75.9780271053,821
76.0100281239,823
76.0305230618,819
76.0571169853,822
76.084125042,819
76.1084880829,816
76.1254889965,818
76.1641201973,818
76.1847610474,823
76.2130200863,823
76.2375290394,822
76.2640380859,823
76.2923231125,823
76.3179609776,823
76.3440070152,819
76.5115551949,816
76.5256950855,816
76.5416021347,815
76.5563750267,817
76.5769200325,812
76.5992732048,814
76.630795002,818
76.6559801102,817
76.6755759716,818
76.6988601685,815
76.7222561836,816
76.769865036,817
76.803663969,818
76.8320190907,818
76.8586750031,816
76.9090971947,820
76.9347012043,817
76.962444067,819
76.9890570641,824
77.0177671909,823
77.040651083,822
77.0708281994,817
77.0951161385,811
77.1172671318,808
77.1376791,802
77.172134161,798
77.1916751862,795
77.211961031,791
77.2364840508,788
77.2622451782,781
77.2856860161,774
77.3081951141,774
77.3347220421,767
77.3732089996,763
77.3954792023,760
77.4147400856,756
77.4381561279,754
77.4606361389,749
77.486987114,744
77.5125181675,742
77.5813670158,747
77.616612196,747
77.7489640713,748
77.7629780769,747
77.7790081501,748
77.7935919762,746
77.8076410294,742
77.8228361607,739
77.837719202,733
77.8550760746,733
77.8795180321,728
77.9026200771,721
77.9264271259,715
77.9757750034,711
77.9977660179,707
78.0228710175,699
78.046241045,693
78.0662300587,691
78.0930671692,685
78.1181151867,680
78.1465580463,672
78.1717131138,667
78.1999511719,657
78.2258341312,652
78.2502980232,653
78.2752830982,650
78.2999260426,654
78.3201310635,649
78.347135067,644
78.3753621578,643
78.4003050327,639
78.4252531528,638
78.4525740147,638
78.4788429737,635
78.5031301975,633
78.5238451958,634
78.5469892025,631
78.5653941631,631
78.5935201645,630
78.6153461933,631
78.6380779743,631
78.6605269909,632
78.679847002,637
78.7019841671,634
78.7252190113,634
78.7515001297,636
78.7789959908,636
78.8021850586,631
78.8220901489,630
78.8430562019,629
78.8655869961,632
78.8887450695,631
78.9137191772,633
78.9298660755,632
78.9487540722,630
78.9720671177,632
78.9950330257,628
79.0176920891,627
79.0409610271,630
79.0609331131,632
79.0827271938,630
79.1093862057,631
79.1329140663,634
79.1553001404,633
79.1776490211,636
79.1961550713,636
79.2172751427,638
79.2430450916,640
79.2654960155,638
79.2905461788,637
79.3114840984,635
79.5280539989,631
79.5427410603,629
79.5577681065,631
79.5726630688,631
79.5866529942,628
79.602823019,629
79.6171360016,630
79.6335530281,629
79.6478750706,628
79.6669201851,628
79.6810700893,628
79.6983180046,632
79.7205970287,631
79.7372450829,633
79.7622380257,633
79.7887752056,635
79.8142671585,635
79.8304510117,633
79.8576760292,635
79.8951530457,633
79.9249281883,630
79.9494760036,627
79.9773311615,624
80.0008430481,627
80.027392149,626
80.0532901287,625
80.0795311928,627
80.1009311676,630
80.1211311817,628
80.1426291466,625
80.1667740345,629
80.1894011497,630
80.2120070457,631
80.2367041111,629
80.2632381916,630
80.2905070782,630
80.3154501915,632
80.3397181034,633
80.3624269962,632
80.3845419884,633
80.4052460194,635
80.6170229912,630
80.6315441132,631
80.6475970745,630
80.6631829739,627
80.6775941849,630
80.6916291714,628
80.7062520981,627
80.7222630978,629
80.7366089821,629
80.7513480186,631
80.7675151825,631
80.7814640999,631
80.8003361225,631
80.8190259933,628
80.8478391171,628
80.8728561401,628
80.9072270393,626
80.9214780331,624
80.944494009,626
80.9663741589,628
80.9812030792,629
81.0076260567,632
81.0322401524,634
81.0538961887,636
81.0768110752,637
81.1006891727,637
81.1217160225,637
81.1412501335,637
81.1611721516,635
81.1812081337,634
81.2016730309,633
81.2222800255,633
81.2445600033,632
81.261149168,634
81.2809071541,630
81.301210165,633
81.3222241402,630
81.3416140079,630
81.3622291088,634
81.3818600178,632
81.4030730724,633
81.4214110374,629
81.442291975,625
81.4798781872,622
81.5018630028,620
81.5219500065,622
81.5420691967,621
81.5631260872,622
81.5816659927,623
81.6015510559,625
81.6218950748,627
81.6419250965,628
81.661427021,624
81.6815640926,623
81.7015891075,624
81.7251260281,628
81.7411999702,626
81.7616920471,627
81.7815980911,628
81.798689127,627
81.8211209774,627
81.8426191807,625
81.8719890118,625
81.8943860531,628
81.9184560776,628
81.9400601387,630
81.9673991203,625
81.9914851189,626
82.0119981766,631
82.0347390175,630
82.0652420521,626
82.0942831039,627
82.1181139946,627
82.1455631256,624
82.1853780746,626
82.2132720947,623
82.2345981598,625
82.2588851452,624
82.2782042027,625
82.302213192,625
82.3181071281,623
82.3349940777,625
82.3537771702,624
82.3738811016,622
82.4055221081,622
82.4344341755,624
82.4583301544,624
82.4784200191,621
82.4956781864,618
82.5178520679,618
82.5469532013,619
82.5719301701,619
82.5884160995,618
82.6079540253,620
82.6320750713,618
82.6539561749,618
82.6788370609,624
82.6954200268,621
82.7193570137,618
82.7519180775,617
82.7710721493,617
82.7960150242,621
82.8210771084,622
82.8515820503,620
82.8802850246,618
82.8987290859,620
82.9175992012,618
82.9324450493,619
82.9519541264,620
82.9722480774,619
82.989025116,619
83.0080800056,618
83.0386550426,621
83.071308136,625
83.1023850441,621
83.1258881092,620
83.1510500908,621
83.1660170555,622
83.1830770969,624
83.205753088,621
83.2332131863,621
83.2555789948,621
83.2750470638,620
83.3021121025,623
83.3278551102,628
83.3732631207,627
83.4018881321,625
83.4295210838,625
83.451829195,624
83.4722611904,622
83.495511055,622
83.5379021168,621
83.5982401371,623
83.6175019741,623
83.6365771294,621
83.6542561054,625
83.6781451702,628
83.7088592052,630
83.7348160744,629
83.7603890896,632
83.7811210155,631
83.8106610775,629
83.8394811153,623
83.8602881432,625
83.8801040649,625
83.9026432037,624
83.9186680317,624
83.9775650501,624
83.997658968,622
84.0201179981,622
84.039648056,621
84.058382988,621
84.0787739754,618
84.102284193,617
84.1261181831,613
84.1464781761,611
84.1659080982,613
84.1859910488,607
84.2064151764,611
84.226236105,612
84.2465891838,608
84.2664780617,606
84.2892282009,609
84.3157951832,607
84.3397221565,606
84.3593771458,606
84.3830180168,607
84.4017291069,611
84.4330019951,617
84.4660511017,612
84.4872450829,614
84.5054600239,615
84.5265240669,614
84.5657420158,613
84.5946819782,613
84.6140551567,615
84.7522649765,615
84.7674891949,614
84.7832460403,612
84.8052110672,614
84.8272969723,608
84.8471260071,609
84.8702170849,609
84.8897981644,611
84.910241127,609
84.931923151,609
84.9528861046,608
84.9744241238,607
85.0491120815,620
85.1008651257,618
85.1281599998,618
85.1686191559,617
85.2045869827,623
85.2276279926,621
85.2773661613,622
85.2981519699,620
85.3223361969,623
85.3430531025,622
85.3596560955,623
85.3759551048,620
85.3967859745,624
85.4179370403,624
85.4430861473,621
85.4664840698,621
85.4855999947,623
85.5095491409,622
85.5284430981,624
85.5577130318,626
85.5810470581,626
85.609167099,622
85.6361551285,618
85.6610240936,622
85.6809351444,621
85.7088601589,622
85.7323310375,624
85.7778589725,618
85.8068680763,623
85.828305006,623
85.852159977,624
85.877696991,623
85.9017121792,622
85.9239361286,622
85.9461410046,623
85.9718410969,622
85.9934391975,618
86.4217140675,601
86.43592906,602
86.45225811,601
86.4662671089,603
86.4802470207,602
86.4946951866,603
86.5089190006,601
86.5256052017,604
86.5416891575,604
86.5556981564,605
86.5733230114,605
86.5870051384,602
86.602241993,603
86.6186051369,603
86.633767128,602
86.6507320404,600
86.6648190022,599
86.6798610687,604
86.6949291229,602
86.7166380882,604
86.7314779758,605
86.7468531132,606
86.7607581615,605
86.7770559788,604
86.7933301926,603
86.8078281879,602
86.8220360279,601
86.8361752033,599
86.8521361351,601
86.8708870411,600
86.8856949806,599
86.9001381397,599
86.9145941734,597
86.9310531616,600
86.9661130905,600
86.9849600792,604
87.0023720264,603
87.0175220966,602
87.0347850323,605
87.0542681217,609
87.0745971203,610
87.0965671539,610
87.1192331314,616
87.1411561966,610
87.1891291142,616
87.2147932053,614
87.237760067,616
87.254832983,615
87.2730350494,615
87.3660340309,609
87.3801760674,607
87.4490950108,610
87.4874541759,610
87.5429401398,606
87.6578850746,600
87.6998200417,603
87.8081281185,596
87.8248970509,594
87.8391070366,595
87.8935651779,590
87.9086899757,588
87.9230790138,590
87.9393241405,592
87.9563500881,593
87.9705681801,596
87.9861161709,596
88.0025441647,598
88.0212860107,600
88.0352520943,599
88.0740191936,597
88.1540110111,598
88.2212810516,594
88.2724151611,593
88.3493831158,591
88.3633949757,589
88.4998021126,588
88.5979881287,587
88.6432960033,584
88.6590921879,588
88.7744190693,583
88.7885000706,582
88.8457090855,582
88.8600189686,580
88.899597168,584
88.9140059948,584
88.9946711063,585
89.0781641006,587
89.1197230816,586
89.1425931454,586
89.2729480267,585
89.3126289845,586
89.3699491024,586
89.384095192,587
89.4031581879,586
89.4207830429,586
89.4380340576,587
89.4523260593,589
89.4684360027,586
89.4822711945,587
89.5006849766,585
89.517663002,588
89.5431010723,590
89.5745091438,586
89.6095030308,588
89.6360151768,591
89.6642041206,590
89.6911921501,593
89.7172679901,590
89.7438499928,589
89.7708261013,587
89.7969670296,583
89.8253231049,584
89.8511850834,584
89.9310660362,586
90.0400090218,587
90.0638301373,590
90.0910379887,588
90.1176540852,592
90.1440951824,590
90.1730980873,589
90.1981601715,592
90.2259421349,593
90.2533340454,592
90.2778601646,594
90.304557085,592
90.3309931755,594
90.3575811386,592
90.3835361004,587
90.3993680477,587
90.4270529747,587
90.4513120651,587
90.477684021,590
90.5045881271,584
90.5305011272,585
90.5783731937,585
90.6048390865,584
90.6322290897,587
90.8312339783,584
90.8461551666,585
90.8601481915,583
90.8748400211,582
90.8937699795,580
90.9218831062,583
90.9437310696,581
90.9718101025,581
90.9964311123,581
91.022395134,584
91.0441420078,585
91.0667691231,586
91.0933070183,586
91.1185870171,589
91.1450431347,591
91.1771001816,591
91.1975860596,591
91.2256200314,589
91.2520031929,590
91.2785620689,589
91.3055520058,588
91.3350951672,591
91.3590810299,592
91.3894491196,590
91.4100661278,587
91.4385070801,589
91.4608530998,587
91.4798021317,586
91.4999930859,585
91.5206420422,585
91.5402610302,585
91.560336113,581
91.5800130367,582
91.6001691818,583
91.6218001842,585
91.6430981159,586
91.6647729874,588
91.6895401478,587
91.7166690826,589
91.7420489788,591
91.7755191326,595
91.7951099873,591
91.8138160706,591
91.8338391781,591
91.8553130627,592
91.8811621666,593
91.9035081863,594
91.928869009,593
91.9532570839,591
91.9694759846,594
91.9912381172,594
92.0152361393,594
92.0430700779,589
92.0672001839,590
92.0871419907,590
92.1069061756,590
92.1274931431,593
92.1472620964,595
92.1932029724,596
92.2166781425,590
92.2370581627,591
92.2566812038,592
92.2771251202,588
92.2972290516,590
92.3166260719,588
92.3365631104,587
92.3563811779,588
92.3824870586,586
92.3977999687,589
92.4170231819,590
92.4370310307,587
92.4563109875,587
92.5065090656,589
92.5501229763,591
92.6070990562,594
92.665500164,593
92.7256669998,596
92.7869491577,596
92.8404841423,596
92.8896281719,600
92.9256751537,601
92.9686260223,598
93.0018770695,595
93.0435581207,592
93.0864269733,591
93.1234171391,592
93.1630840302,589
93.2032051086,588
93.2398290634,589
93.2779381275,587
93.3138530254,587
93.3529801369,583
93.3969120979,579
93.4416270256,577
93.4801290035,572
93.5153172016,572
93.5518012047,572
93.5910379887,570
93.6317710876,570
93.6682271957,570
93.7047281265,571
93.746325016,569
93.783121109,569
93.8204350471,567
93.8604111671,567
93.8919961452,567
93.9269571304,566
93.9632081985,567
94.0007710457,566
94.0375401974,564
94.0784561634,565
94.1163060665,564
94.1572241783,562
94.1952900887,557
94.2369241714,556
94.2742681503,553
94.3149650097,555
94.353782177,551
94.3772370815,547
94.3920052052,541
94.4127221107,529
94.4367921352,517
94.5116391182,507
94.5537281036,503
94.6080701351,502
94.6456830502,497
94.7007529736,496
94.7472500801,500
94.781028986,497
94.8229880333,495
94.8725631237,496
94.9098260403,497
94.9681181908,492
95.0230600834,494
95.0449559689,491
95.101965189,487
95.140982151,478
95.1815421581,466
95.2381911278,452
95.440474987,412
95.4940521717,405
95.5290720463,396
95.62622118,376
95.6872041225,358
95.724738121,345
95.7679421902,329
95.7981421947,317
95.825106144,305
95.863088131,297
95.9242811203,286
95.9624481201,271
95.9872381687,258
96.0110681057,253
96.0698771477,239
96.2638061047,210
96.3037931919,198
96.3344781399,190
96.3705720901,184
96.3923552036,178
96.4201180935,156
96.4372310638,138
96.4515039921,114
96.4659581184,94
96.4803130627,75
96.4947140217,53
96.5097231865,30
96.5248641968,3
96.5397641659,0
96.5545530319,0
96.5714130402,0
96.5874481201,0
96.6032521725,0
96.6201581955,0
96.6359641552,0
96.6520721912,0
96.6668720245,0
96.6830041409,0
96.6981639862,0
96.7143399715,0
96.7303390503,0
96.7462940216,0
96.7626030445,0
96.7774221897,0
96.7936542034,0
96.8088481426,0
96.8267481327,0
96.8430500031,0
96.8586189747,0
96.8772990704,0
96.8924319744,0
96.9086971283,0
96.926014185,0
96.941876173,0
96.9570000172,0
96.9746780396,0
96.9897851944,0
97.0054340363,0
97.0221290588,0
97.0381631851,0
97.0543460846,0
97.0705959797,0
97.0865311623,0
97.1019940376,0
97.1187109947,0
97.1341810226,0
97.1738400459,0
97.2190170288,0
97.5912160873,0
97.6686470509,0
97.8289120197,0
97.9959290028,0
98.1113569736,0
98.2053780556,0
98.2868430614,0
98.3907921314,0
98.4705979824,0
98.7091240883,0
98.8006100655,0
98.9025421143,0
98.9916419983,0
99.0916512012,0
99.1698851585,0
99.2855961323,0
99.3774621487,0
99.5159990788,0
99.6401221752,0
99.7120401859,0
100.091821194,0
100.252137184,0
100.355338097,0
100.558895111,0
100.651013136,0
100.74340415,0
100.858386993,0
101.084446192,0
101.270218134,0
101.339101076,0
101.485864162,0
101.571767092,0
101.701259136,0
101.820217133,0
101.837296009,0
101.856956005,0
101.881086111,0
101.903743982,0
101.931897163,0
101.952692986,0
102.010541201,0
102.028915167,0
102.050302029,0
102.068588018,0
102.161839008,0
102.211235046,0
102.36233902,0
103.316848993,0
103.51576519,0
103.581079006,0
103.662445068,0
103.794038057,0
103.954609156,0
104.105787992,0
104.132935047,0
104.276918173,0
104.425271988,0
104.528514147,0
104.646980047,0
104.81362319,0
105.180762053,0
105.212134123,0
105.46850419,0
105.83754611,0
106.272823095,0
106.574001074,0
106.682619095,0
106.8317101,0
106.895791054,0
106.981070995,0
107.118354082,0
107.493439198,0
107.565685034,0
107.62650609,0
107.731887102,0
107.867432117,0
107.913092136,0
107.968680143,1
108.392984152,0
108.557459116,0
108.63193512,0
108.694329977,0
109.115890026,0
109.509546041,0
109.582318068,0
109.78275609,0
109.853865147,0
109.884433985,0
109.922563076,0
110.026183128,0
110.084143162,0
110.131940126,0
110.406131029,0
110.601453066,0
110.746026039,0
110.897536039,0
111.010173082,0
111.113046169,0
111.214639187,0
111.228556156,0
111.263439178,0
111.303016186,0
111.328641176,0
111.370033979,0
111.392153025,0
111.422227144,0
111.468605042,0
111.492338181,0
111.515547037,0
111.545750141,0
111.69455719,0
111.815762043,0
111.86741209,0
111.906565189,0
111.933480024,0
111.980764151,0
112.14151597,0
112.277647018,0
112.378457069,0
112.428398132,0
112.478380203,0
112.508337021,0
112.606855154,0
112.621059179,0
112.650173187,0
112.684417009,0
112.716504097,0
112.76346302,0
112.855904102,0
112.883020163,0
112.912501097,0
112.930328131,0
113.037286043,0
113.051154137,0
113.083234072,0
113.169893026,0
113.218146086,0
113.232095003,0
113.250364065,0
113.424491167,0
113.451202154,0
113.520299196,0
113.637955189,0
113.673567057,0
113.728950977,0
113.803735018,0
113.831871033,0
113.854574203,0
113.882335186,0
113.904664993,0
113.922564983,0
114.024646997,0
114.042705059,0
114.128196001,0
114.19531703,0
114.246535063,0
114.300836086,0
114.354473114,0
114.381921053,0
114.462329149,0
114.6644032,0
114.680294991,0
114.743288994,0
114.760559082,0
114.880776167,0
114.913403988,0
114.940299988,0
114.954320192,0
114.972362041,0
115.078765154,0
115.123087168,0
115.137722969,0
115.155709028,0
115.273600101,0
115.384304047,0
115.646620035,0
115.683146,0
115.711357117,0
115.832000017,0
115.857532978,0
115.927893162,0
115.944341183,0
115.986675024,0
116.065689087,0
116.104232073,0
116.140007019,0
116.22151804,0
116.305741072,0
116.434054136,0
116.45926404,0
116.482777119,0
116.558700085,0
116.602147102,0
116.625130177,0
116.647958994,0
116.66762805,0
116.772045135,0
116.803070068,0
116.83187604,0
116.85781002,0
116.962921143,0
116.987148046,0
117.039698124,0
117.090425014,0
117.109498978,0
117.132536173,0
117.174588203,0
117.198145151,0
117.272741079,0
117.354150057,0
117.385455132,0
117.447461128,0
117.477311134,0
117.497851133,0
117.517830133,0
117.539915085,0
117.569936037,0
117.642023087,0
117.658374071,0
117.715676069,0
117.739765167,0
117.774599075,0
117.795260191,0
117.815415144,0
117.837405205,0
117.865300179,0
117.915621996,0
117.950994015,0
117.989768982,0
118.011234045,0
118.035565138,0
118.057796001,0
118.078655005,0
118.121023178,0
118.159293175,0
118.175433159,0
118.202425003,0
118.242884159,0
118.273706198,0
118.309653997,0
118.334668159,0
118.35988307,0
118.376785994,0
118.397109032,0
118.431524992,0
118.449414015,0
118.467777014,0
118.507539988,0
118.523987055,0
118.5429492,0
118.565358162,0
118.601191044,0
118.624052048,0
118.682523012,0
118.706936121,0
118.739988089,0
118.761553049,0
118.779488087,0
118.800610065,0
118.835226059,0
118.879618168,0
118.92891407,0
118.967912197,0
118.997061014,0
119.029041052,0
119.051160097,0
119.067785025,0
119.093101978,0
119.138900995,0
119.171075106,0
119.258553028,0
119.27602005,0
119.316028118,0
119.350947142,0
119.374975204,0
119.401165009,0
119.456377983,0
119.49941802,0
119.513385057,0
119.550211191,0
119.632872105,0
119.663125992,0
119.710923195,0
119.727985144,0
119.748494148,0
119.765933037,0
119.78808713,0
119.819082022,0
119.863111973,0
119.891726971,0
119.969333172,0
119.996443033,0
120.037821054,0
120.068374157,0
120.10572505,0
120.152080059,0
120.184544086,0
120.233057976,0
120.269989014,0
120.296426058,0
120.321768999,0
120.370573997,0
120.408874989,0
120.440858126,0
120.477987051,0
120.516678095,0
120.550333977,0
120.579063177,0
120.604385138,0
120.657006979,0
120.674465179,0
120.702016115,0
120.852535009,0
120.875354052,0
121.069470167,0
121.105365992,0
121.130522013,0
121.154706001,0
121.278669119,0
121.292528152,0
121.349650145,0
121.480796099,0
121.520545006,0
121.603935003,0
121.637591124,0
121.656527996,0
121.679780006,0
121.76673913,0
121.781769037,0
121.832834005,0
121.858117104,0
121.894879103,0
121.938337088,0
121.971240997,0
121.997196198,0
122.013633013,0
122.036838055,0
122.071052074,0
122.088551998,0
122.136769056,0
122.152336121,0
122.177391052,0
122.197950125,0
122.220440149,0
122.263574123,0
122.315531015,0
122.332269192,0
122.374186039,0
122.441066027,0
122.455281973,0
122.490012169,0
122.519279003,0
122.549539089,0
122.57192111,0
122.593824148,0
122.608847141,0
122.627588034,0
122.649386168,0
122.675312996,0
122.694166183,0
122.734371185,0
122.75409317,0
122.778335094,0
122.806288004,0
122.83041501,0
122.867526054,0
122.954514027,0
122.972848177,0
122.990576029,0
123.006487131,0
123.084853172,0
123.122793198,0
123.139292002,0
123.168167114,0
123.240576982,0
123.285489082,0
123.321997166,0
123.336208105,0
123.375063181,0
123.459084988,0
123.594274044,0
123.646478176,0
123.67860508,0
123.717218161,0
123.814977169,0
123.849271059,0
123.882172108,0
123.900058031,0
123.985993147,0
124.034497976,0
124.066856146,0
124.116024971,0
124.157876968,0
124.213471174,0
124.264723063,0
124.300911188,0
124.340029001,0
124.373613119,0
124.404040098,0
124.430086136,0
124.475251198,0
124.491051197,0
124.507567167,0
124.538583994,0
124.561271191,0
124.594138145,0
124.616065025,0
124.648409128,0
124.666846991,0
124.699500084,0
124.729866982,0
124.750790119,0
124.775966167,0
124.797522068,0
124.832908154,0
124.860992193,0
124.908155203,0
124.948775053,0
125.000133991,0
125.014708042,0
125.051468134,0
125.107830048,0
125.122070074,0
125.147583008,0
125.303333044,0
125.335935116,0
125.417953014,0
125.460808992,0
125.511548042,0
125.669866085,0
125.767083168,0
125.811125994,0
126.06561017,0
126.272686005,0
126.307779074,0
126.540528059,0
126.565139055,0
126.603319168,0
126.666154146,0
126.700057983,0
126.746188164,0
126.768747091,0
126.862405062,0
126.925453186,0
126.979212999,0
127.030488968,0
127.059069157,0
127.147413015,0
127.254971027,0
127.331673145,0
127.604282141,0
127.829250097,0
128.240661144,0
128.326496124,0
128.357069016,0
128.461505175,0
128.561796188,0
128.717890978,0
128.795727968,0
128.94353199,0
129.204205036,0
129.326408148,0
129.422166109,0
129.475129128,0
129.504805088,0
129.557516098,0
129.674727201,0
129.779733181,0
130.2082901,0
130.319017172,0
130.757410049,0
130.900411129,0
131.094554186,0
131.238358974,0
131.431744099,0
131.535363197,0
131.906500101,0
131.955790043,0
132.29800415,0
132.375181198,0
132.688918114,0
132.792906046,0
132.882009983,0
133.096971989,0
133.177556038,0
133.45431304,0
133.975759029,0
134.315694094,0
134.395694971,0
134.434952021,0
134.570033073,0
134.640392065,0
134.69016099,0
135.04679513,0
135.416697025,0
135.444537163,0
135.789937019,0
135.871273994,0
136.281198025,0
136.319463015,0
136.387579203,0
136.4788692,0
136.639271021,0
136.674748182,0
136.698849201,0
136.726866007,0
136.7638731,0
136.818140984,0
136.875790119,0
136.921567202,0
136.944143057,0
137.006170988,0
137.039834023,0
137.078903198,0
137.114578009,0
137.129757166,0
137.194486141,0
137.399806023,0
137.484832048,0
137.534132004,0
137.625284195,0
137.645138979,0
137.700623035,0
137.779379129,0
137.806577206,0
137.826879025,0
137.847357988,0
137.892520189,0
137.920266151,0
137.936813116,0
137.965928078,0
137.996697187,0
138.024414062,0
138.069884062,0
138.097982168,0
138.134227991,0
138.169859171,0
138.189905167,0
138.229386091,0
138.279740095,0
138.33113718,0
138.361557007,0
138.394402981,0
138.420071125,0
138.446060181,0
138.472685099,0
138.496366024,0
138.536067009,0
138.582710028,0
138.597072124,0
138.6491611,0
138.663971186,0
138.686975002,0
138.71117115,0
138.739022017,0
138.781628132,0
138.810022116,0
138.835482121,0
138.858770132,0
138.897653103,0
138.952906132,0
138.989515066,0
139.015494108,0
139.050172091,0
139.089934111,0
139.181111097,0
139.209154129,0
139.246021986,0
139.260105133,0
139.32015419,0
139.334268093,0
139.427222013,0
139.501770973,0
139.570564985,0
139.605686188,0
139.624699116,0
139.724346161,0
139.755903006,0
139.792854071,0
139.830743074,0
139.852338076,0
139.937546015,0
139.974210024,0
140.000867128,0
140.061839104,0
140.096275091,0
140.11156702,0
140.180260181,0
140.222355127,0
140.256095171,0
140.273234129,0
140.350927114,0
140.385082006,0
140.419383049,0
140.445554018,0
140.502916098,0
140.540062189,0
140.575634003,0
140.610193014,0
140.656414032,0
140.740620136,0
140.836886168,0
140.946802139,0
140.983163118,0
141.015177011,0
141.029513121,0
141.077943087,0
141.173048019,0
141.206422091,0
141.244381189,0
141.265217066,0
141.296503067,0
141.394338131,0
141.431035995,0
141.460257053,0
141.496604204,0
141.532162189,0
141.560343027,0
141.631868124,0
141.660056114,0
141.762814045,0
141.931210995,0
