  1.0         2.4
  2.0         4.8
  3.0         9.4
  4.0        15.2
  5.0        20.0
  6.0        24.0
  7.0        28.7
  8.0        33.5
  9.0        33.4
 10.0        24.4
 11.0        27.3
 12.0        20.3
 13.0        27.1
 14.0        22.5
 15.0        32.6
 16.0        38.0
 17.0        49.1
 18.0        41.6
 19.0        73.1
 20.0        43.9
 21.0        75.8
 22.0        44.7
 23.0        77.2
 24.0        78.2
 25.0        40.8
 26.0        56.4
 27.0        57.9
 28.0        34.7
 29.0        44.6
 30.0        24.7
 31.0        38.8
 32.0        40.1
 33.0        31.2
 34.0        32.0
 35.0        36.7
 36.0        52.8
 37.0        54.1
 38.0        70.6
 39.0        54.1
 40.0        63.9
 41.0        76.1
 42.0        59.6
 43.0        49.7
 44.0        27.6
 45.0        42.0
 46.0        28.1
 47.0        41.0
 48.0        57.9
 49.0        42.3
 50.0        36.0
 51.0        60.7
 52.0        63.8
 53.0        59.6
 54.0        63.6
 55.0        39.5
 56.0        49.7
 57.0        66.2
 58.0        35.1
 59.0        51.8
 60.0        51.4
 61.0        57.7
 62.0        72.2
 63.0        71.6
 64.0        79.2
 65.0        74.6
 66.0        57.6
 67.0       109.4
 68.0        69.1
 69.0        79.0
 70.0        67.9
 71.0        82.6
 72.0        84.6
 73.0        71.2
 74.0        42.2
 75.0        62.3
 76.0        52.3
 77.0        69.2
 78.0        67.6
 79.0        55.1
 80.0        56.7
 81.0        56.0
 82.0        63.3
 83.0        62.2
 84.0        74.0
 85.0        79.0
 86.0        78.4
 87.0        69.5
 88.0       107.4
 89.0        30.5
 90.0        25.2
 91.0        18.2
 92.0        27.1
 93.0        35.4
