  1.0         2.3
  2.0         4.8
  3.0         7.1
  4.0        55.8
  5.0       659.1
  6.0       627.6
  7.0       642.2
  8.0       585.9
  9.0       562.5
 10.0       509.8
 11.0       457.7
 12.0       403.1
 13.0       379.8
 14.0       250.0
 15.0       247.6
 16.0       199.1
 17.0       275.4
 18.0       272.8
 19.0       212.0
 20.0       243.5
 21.0       182.2
 22.0       176.7
 23.0       171.9
 24.0       267.4
 25.0       141.8
 26.0       142.8
 27.0       258.0
 28.0       151.7
 29.0        90.7
 30.0       209.3
 31.0        96.2
 32.0       118.7
 33.0       115.7
 34.0       169.2
 35.0       129.9
 36.0       119.9
 37.0        95.9
 38.0       150.5
 39.0       216.3
 40.0       185.7
 41.0       184.7
 42.0       140.7
 43.0        63.0
 44.0       194.7
 45.0       131.8
 46.0       122.6
 47.0        92.1
 48.0       156.9
 49.0       143.8
 50.0       149.3
 51.0       110.0
 52.0       136.7
 53.0       135.0
 54.0       122.8
 55.0       138.6
 56.0       130.0
 57.0       193.9
 58.0       134.8
 59.0        97.9
 60.0       148.4
 61.0       222.9
 62.0       191.8
 63.0       130.8
 64.0       146.5
 65.0       174.1
 66.0       161.1
 67.0       178.3
 68.0       130.3
 69.0       149.6
 70.0       167.3
 71.0       169.4
 72.0       171.5
 73.0       164.2
 74.0       127.7
 75.0       167.3
 76.0       165.8
 77.0       135.5
 78.0       167.9
 79.0       166.8
 80.0       137.6
 81.0       170.5
 82.0       151.7
 83.0       157.4
 84.0       138.7
 85.0       140.2
 86.0       169.4
 87.0       167.3
 88.0       164.2
 89.0       100.1
 90.0       130.3
 91.0        66.7
 92.0         0.5
 93.0         0.0
 94.0         0.0
 95.0         0.0
