  1.0         2.2
  2.0         4.8
  3.0         9.0
  4.0        15.8
  5.0        15.4
  6.0        17.1
  7.0        26.4
  8.0        30.7
  9.0        34.5
 10.0        37.4
 11.0        37.5
 12.0        25.6
 13.0        29.0
 14.0        37.1
 15.0        50.9
 16.0        50.7
 17.0        63.8
 18.0        84.4
 19.0        36.1
 20.0       130.0
 21.0        75.7
 22.0        77.0
 23.0        93.0
 24.0        46.8
 25.0        39.0
 26.0        74.0
 27.0        39.4
 28.0        67.6
 29.0        76.1
 30.0        30.5
 31.0        46.4
 32.0        33.8
 33.0        59.2
 34.0        54.7
 35.0        54.7
 36.0        51.6
 37.0        55.4
 38.0        35.3
 39.0        68.7
 40.0        78.8
 41.0        64.7
 42.0        56.2
 43.0        64.9
 44.0        63.2
 45.0        65.5
 46.0        73.3
 47.0        67.5
 48.0        61.2
 49.0        77.5
 50.0        88.5
 51.0        74.7
 52.0        64.8
 53.0        76.2
 54.0        76.8
 55.0        73.8
 56.0        73.4
 57.0        39.8
 58.0        78.6
 59.0        53.4
 60.0        80.7
 61.0        71.7
 62.0        44.6
 63.0        88.9
 64.0        69.7
 65.0        69.6
 66.0        45.5
 67.0        52.0
 68.0        48.9
 69.0        48.3
 70.0        61.3
 71.0        45.9
 72.0        62.6
 73.0        52.5
 74.0        52.0
 75.0        66.6
 76.0        77.3
 77.0        81.6
 78.0        73.9
 79.0        64.1
 80.0        53.3
 81.0        61.4
 82.0        46.4
 83.0        35.7
 84.0        45.1
 85.0        48.9
 86.0        61.1
 87.0        73.9
 88.0        79.9
 89.0       122.4
 90.0       118.5
 91.0        45.9
 92.0        33.9
