  1.0         2.4
  2.0         4.9
  3.0         9.9
  4.0        17.5
  5.0        16.8
  6.0        18.3
  7.0        29.7
  8.0        33.9
  9.0        38.2
 10.0        42.1
 11.0        41.5
 12.0        28.8
 13.0        32.6
 14.0        41.1
 15.0        56.5
 16.0        56.8
 17.0        71.9
 18.0        90.0
 19.0        40.3
 20.0       134.8
 21.0        83.2
 22.0        78.8
 23.0        96.2
 24.0        51.7
 25.0        37.0
 26.0        78.9
 27.0        43.8
 28.0        68.5
 29.0        77.9
 30.0        33.8
 31.0        40.6
 32.0        40.1
 33.0        64.4
 34.0        57.7
 35.0        51.1
 36.0        52.9
 37.0        53.3
 38.0        36.5
 39.0        76.3
 40.0        70.8
 41.0        56.7
 42.0        56.1
 43.0        57.7
 44.0        66.1
 45.0        65.1
 46.0        67.4
 47.0        60.7
 48.0        58.1
 49.0        68.5
 50.0        80.8
 51.0        77.7
 52.0        67.6
 53.0        80.7
 54.0        75.2
 55.0        82.3
 56.0        77.2
 57.0        32.6
 58.0        83.8
 59.0        43.5
 60.0        77.6
 61.0        71.2
 62.0        49.1
 63.0        90.4
 64.0        66.2
 65.0        60.2
 66.0        54.1
 67.0        54.6
 68.0        50.7
 69.0        43.4
 70.0        69.2
 71.0        46.9
 72.0        58.0
 73.0        61.5
 74.0        67.2
 75.0        69.4
 76.0        71.9
 77.0        83.7
 78.0        74.9
 79.0        61.8
 80.0        52.0
 81.0        66.6
 82.0        52.1
 83.0        50.2
 84.0        44.7
 85.0        54.7
 86.0        55.4
 87.0        64.0
 88.0        78.3
 89.0       118.9
 90.0       122.0
 91.0        53.2
 92.0        33.4
