  1.0         2.4
  2.0         4.9
  3.0         9.3
  4.0        16.1
  5.0        16.0
  6.0        17.3
  7.0        26.8
  8.0        31.2
  9.0        36.0
 10.0        38.9
 11.0        38.1
 12.0        25.3
 13.0        30.7
 14.0        37.4
 15.0        52.6
 16.0        51.4
 17.0        66.3
 18.0        87.0
 19.0        30.8
 20.0       115.0
 21.0        72.9
 22.0        79.0
 23.0        90.9
 24.0        44.4
 25.0        41.4
 26.0        74.8
 27.0        41.8
 28.0        67.3
 29.0        76.7
 30.0        31.9
 31.0        37.4
 32.0        33.0
 33.0        58.5
 34.0        56.2
 35.0        55.4
 36.0        53.5
 37.0        56.7
 38.0        31.9
 39.0        74.9
 40.0        82.1
 41.0        57.2
 42.0        54.5
 43.0        63.7
 44.0        62.2
 45.0        74.4
 46.0        70.3
 47.0        61.5
 48.0        70.8
 49.0        78.9
 50.0        72.8
 51.0        73.6
 52.0        61.8
 53.0        72.4
 54.0        84.0
 55.0        85.2
 56.0        77.6
 57.0        33.1
 58.0        74.1
 59.0        54.4
 60.0        73.1
 61.0        73.2
 62.0        42.6
 63.0        89.7
 64.0        70.0
 65.0        68.7
 66.0        48.9
 67.0        48.2
 68.0        69.9
 69.0        42.8
 70.0        66.1
 71.0        43.5
 72.0        64.5
 73.0        62.4
 74.0        62.6
 75.0        56.5
 76.0        76.5
 77.0        78.6
 78.0        82.5
 79.0        59.4
 80.0        56.8
 81.0        76.2
 82.0        56.1
 83.0        40.5
 84.0        46.7
 85.0        54.7
 86.0        66.7
 87.0        63.6
 88.0        75.6
 89.0       107.7
 90.0       119.4
 91.0        49.0
 92.0        36.5
