  1.0         2.1
  2.0         4.3
  3.0        11.6
  4.0        52.0
  5.0       542.6
  6.0       681.6
  7.0       425.7
  8.0       425.6
  9.0       628.1
 10.0       563.5
 11.0       494.2
 12.0       476.3
 13.0       404.8
 14.0       205.6
 15.0       211.8
 16.0       245.9
 17.0       310.3
 18.0       268.6
 19.0       333.0
 20.0       387.6
 21.0       192.6
 22.0       565.9
 23.0       349.9
 24.0       354.1
 25.0       387.3
 26.0       236.9
 27.0       165.4
 28.0       327.3
 29.0       204.5
 30.0       302.0
 31.0       320.4
 32.0       158.3
 33.0       187.4
 34.0       109.2
 35.0       178.6
 36.0       169.1
 37.0       158.5
 38.0       159.0
 39.0       166.2
 40.0       107.8
 41.0       213.0
 42.0       231.5
 43.0       183.0
 44.0       165.0
 45.0       189.2
 46.0       187.8
 47.0       203.6
 48.0       216.2
 49.0       186.1
 50.0       187.4
 51.0       225.7
 52.0       243.1
 53.0       226.3
 54.0       196.8
 55.0       226.1
 56.0       234.3
 57.0       241.0
 58.0       227.4
 59.0        92.5
 60.0       254.1
 61.0       152.3
 62.0       228.3
 63.0       212.2
 64.0       146.2
 65.0       265.7
 66.0       202.3
 67.0       199.9
 68.0       146.5
 69.0       155.7
 70.0       172.3
 71.0       133.9
 72.0       194.0
 73.0       143.1
 74.0       180.9
 75.0       172.4
 76.0       184.9
 77.0       192.4
 78.0       225.2
 79.0       243.3
 80.0       231.5
 81.0       185.7
 82.0       164.2
 83.0       202.1
 84.0       156.7
 85.0       128.5
 86.0       138.0
 87.0       156.8
 88.0       179.0
 89.0       199.4
 90.0       233.4
 91.0       346.7
 92.0       365.4
 93.0       150.3
 94.0       104.3
