  1.0         2.0
  2.0         4.4
  3.0         4.7
  4.0        32.9
  5.0       565.1
  6.0       628.7
  7.0       469.9
  8.0       432.7
  9.0       558.8
 10.0       509.3
 11.0       431.1
 12.0       436.8
 13.0       485.3
 14.0       325.1
 15.0       328.9
 16.0       304.4
 17.0       235.6
 18.0       288.8
 19.0       225.7
 20.0       178.1
 21.0       146.5
 22.0       210.9
 23.0       199.7
 24.0       203.0
 25.0       169.7
 26.0       219.2
 27.0       116.4
 28.0       142.2
 29.0       247.6
 30.0       185.4
 31.0       155.6
 32.0       200.4
 33.0       173.8
 34.0       168.0
 35.0       201.2
 36.0       227.8
 37.0       213.3
 38.0       203.8
 39.0       212.7
 40.0       142.8
 41.0       248.7
 42.0       254.4
 43.0       198.6
 44.0       169.9
 45.0       205.4
 46.0       178.8
 47.0       225.2
 48.0       222.6
 49.0       200.7
 50.0       192.4
 51.0       226.8
 52.0       260.6
 53.0       229.9
 54.0       210.6
 55.0       229.9
 56.0       251.8
 57.0       242.4
 58.0       234.6
 59.0        99.6
 60.0       228.3
 61.0       181.4
 62.0       234.1
 63.0       216.9
 64.0       166.3
 65.0       266.9
 66.0       199.7
 67.0       203.3
 68.0       153.8
 69.0       158.5
 70.0       173.1
 71.0       131.4
 72.0       190.8
 73.0       154.3
 74.0       179.3
 75.0       175.2
 76.0       189.7
 77.0       192.9
 78.0       225.2
 79.0       247.6
 80.0       237.7
 81.0       188.7
 82.0       168.9
 83.0       196.5
 84.0       169.9
 85.0       130.3
 86.0       142.8
 87.0       158.5
 88.0       174.6
 89.0       199.7
 90.0       233.5
