  1.0         2.4
  2.0         4.8
  3.0         9.0
  4.0        12.9
  5.0        17.5
  6.0        23.5
  7.0        27.3
  8.0        28.2
  9.0        28.8
 10.0        51.9
 11.0        44.8
 12.0        49.1
 13.0        36.0
 14.0        38.0
 15.0        38.9
 16.0        36.2
 17.0        59.1
 18.0        69.8
 19.0        78.1
 20.0        63.6
 21.0        73.8
 22.0        53.8
 23.0        51.1
 24.0       125.9
 25.0        52.2
 26.0        68.1
 27.0        40.3
 28.0        74.0
 29.0        97.0
 30.0        55.0
 31.0        59.3
 32.0        53.5
 33.0        66.2
 34.0        65.4
 35.0        58.5
 36.0        65.6
 37.0        35.3
 38.0       104.5
 39.0        65.2
 40.0        57.3
 41.0        74.0
 42.0        78.7
 43.0        61.0
 44.0        41.4
 45.0        48.9
 46.0        73.0
 47.0        66.3
 48.0        59.5
 49.0        63.9
 50.0        63.5
 51.0        73.3
 52.0        61.0
 53.0        64.9
 54.0        63.3
 55.0        74.4
 56.0        74.8
 57.0        72.7
 58.0        72.5
 59.0        75.5
 60.0        81.5
 61.0        56.3
 62.0        51.7
 63.0        51.9
 64.0        70.8
 65.0        64.3
 66.0        29.6
 67.0        97.5
 68.0        65.4
 69.0        60.5
 70.0        71.7
 71.0        62.5
 72.0        93.4
 73.0        84.1
 74.0        79.3
 75.0        82.7
 76.0        78.7
 77.0        41.1
 78.0        96.2
 79.0        43.9
 80.0        40.0
 81.0        41.6
 82.0        71.0
 83.0        63.5
 84.0        58.1
 85.0        56.2
 86.0        55.3
 87.0        63.6
 88.0        55.3
 89.0        52.1
 90.0       167.3
 91.0        62.6
 92.0        29.2
