  1.0         2.4
  2.0         4.9
  3.0        11.8
  4.0        68.1
  5.0       605.3
  6.0       495.4
  7.0       583.3
  8.0       629.5
  9.0       522.1
 10.0       466.2
 11.0       427.9
 12.0       608.0
 13.0       496.7
 14.0       367.9
 15.0       259.3
 16.0       214.6
 17.0       250.9
 18.0       164.9
 19.0       319.6
 20.0       321.6
 21.0       289.3
 22.0       303.9
 23.0       301.8
 24.0       222.7
 25.0       226.8
 26.0       499.8
 27.0       253.7
 28.0       269.1
 29.0       133.3
 30.0       188.5
 31.0       260.7
 32.0       167.8
 33.0       154.3
 34.0       174.7
 35.0       210.7
 36.0       210.4
 37.0       176.0
 38.0       196.9
 39.0       116.9
 40.0       300.8
 41.0       199.4
 42.0       195.2
 43.0       223.5
 44.0       201.3
 45.0       186.6
 46.0       132.0
 47.0       174.7
 48.0       186.7
 49.0       191.8
 50.0       190.2
 51.0       190.7
 52.0       155.7
 53.0       227.0
 54.0       189.3
 55.0       190.5
 56.0       192.9
 57.0       212.6
 58.0       241.9
 59.0       231.7
 60.0       228.8
 61.0       233.3
 62.0       234.8
 63.0       180.4
 64.0       155.6
 65.0       181.2
 66.0       188.3
 67.0       191.1
 68.0       102.3
 69.0       281.0
 70.0       192.6
 71.0       186.7
 72.0       227.8
 73.0       188.5
 74.0       278.9
 75.0       235.7
 76.0       231.8
 77.0       234.3
 78.0       239.3
 79.0       124.0
 80.0       284.2
 81.0       102.9
 82.0       138.9
 83.0       127.8
 84.0       223.1
 85.0       194.3
 86.0       186.3
 87.0       180.3
 88.0       178.3
 89.0       182.1
 90.0       170.1
 91.0       153.8
 92.0       474.9
 93.0       203.8
 94.0        97.5
