  1.0         2.3
  2.0         4.1
  3.0         8.4
  4.0        15.1
  5.0        20.3
  6.0        19.5
  7.0        13.0
  8.0        15.5
  9.0        17.8
 10.0        20.4
 11.0        25.1
 12.0        32.4
 13.0        26.1
 14.0        34.1
 15.0        41.2
 16.0        39.4
 17.0        43.6
 18.0        37.0
 19.0        60.7
 20.0        48.8
 21.0        70.1
 22.0        62.7
 23.0        40.0
 24.0        54.9
 25.0        30.3
 26.0        44.3
 27.0        70.2
 28.0        70.5
 29.0        31.8
 30.0        60.2
 31.0        46.0
 32.0        35.3
 33.0        24.9
 34.0        47.1
 35.0        35.0
 36.0        30.5
 37.0        79.8
 38.0        48.6
 39.0        62.0
 40.0        65.7
 41.0        35.9
 42.0        38.0
 43.0       117.0
 44.0        31.5
 45.0        35.8
 46.0        73.3
 47.0        75.9
 48.0       102.1
 49.0        77.3
 50.0        67.4
 51.0       101.5
 52.0        66.9
 53.0        62.4
 54.0        29.5
 55.0        32.9
 56.0       104.2
 57.0        64.5
 58.0        81.7
 59.0        82.4
 60.0        40.0
 61.0        58.1
 62.0        58.1
 63.0        30.5
 64.0        28.5
 65.0        26.8
 66.0        20.1
 67.0        39.4
 68.0        55.5
 69.0        98.7
 70.0        70.5
 71.0        69.9
 72.0        72.6
 73.0        90.7
 74.0        76.6
 75.0        77.9
 76.0        44.2
 77.0        51.1
 78.0        63.2
 79.0        65.9
 80.0        42.2
 81.0        55.2
 82.0        54.3
 83.0        68.6
 84.0        85.4
 85.0        67.6
 86.0        68.7
 87.0        58.0
 88.0        71.2
 89.0        68.8
 90.0        23.5
 91.0        17.7
 92.0        11.9
 93.0        25.4
