  1.0         2.7
  2.0         5.0
  3.0        12.2
  4.0        49.5
  5.0       526.0
  6.0       689.3
  7.0       675.1
  8.0       524.2
  9.0       252.4
 10.0       239.5
 11.0       227.9
 12.0       212.6
 13.0       207.6
 14.0       249.4
 15.0       170.1
 16.0       201.8
 17.0       225.6
 18.0       188.3
 19.0       210.4
 20.0       186.0
 21.0       263.1
 22.0       209.1
 23.0       305.7
 24.0       247.2
 25.0       215.9
 26.0       249.7
 27.0       121.5
 28.0       211.2
 29.0       303.8
 30.0       291.3
 31.0       126.0
 32.0       282.7
 33.0       212.4
 34.0       157.3
 35.0       108.4
 36.0       183.9
 37.0       177.6
 38.0       115.8
 39.0       315.8
 40.0       242.4
 41.0       260.7
 42.0       239.0
 43.0       205.6
 44.0       152.9
 45.0       506.5
 46.0       127.6
 47.0       129.9
 48.0       377.9
 49.0       315.7
 50.0       409.9
 51.0       293.8
 52.0       329.2
 53.0       395.6
 54.0       271.1
 55.0       249.5
 56.0       123.8
 57.0       129.6
 58.0       408.7
 59.0       283.0
 60.0       331.3
 61.0       331.7
 62.0       153.0
 63.0       228.3
 64.0       249.9
 65.0       137.6
 66.0       107.6
 67.0       102.0
 68.0        96.9
 69.0       149.5
 70.0       208.9
 71.0       368.9
 72.0       268.5
 73.0       264.3
 74.0       304.1
 75.0       342.1
 76.0       325.9
 77.0       297.9
 78.0       183.5
 79.0       191.0
 80.0       283.9
 81.0       242.8
 82.0       166.7
 83.0       198.5
 84.0       215.9
 85.0       248.6
 86.0       371.6
 87.0       266.6
 88.0       252.4
 89.0       191.1
 90.0       306.9
 91.0       285.0
 92.0        80.3
 93.0        87.2
 94.0        51.7
 95.0        80.0
