  1.0         2.3
  2.0         4.1
  3.0         8.1
  4.0        14.6
  5.0        19.9
  6.0        19.8
  7.0        12.4
  8.0        15.6
  9.0        17.4
 10.0        20.5
 11.0        24.3
 12.0        32.0
 13.0        26.3
 14.0        32.8
 15.0        40.8
 16.0        39.3
 17.0        46.9
 18.0        36.2
 19.0        60.2
 20.0        41.3
 21.0        65.7
 22.0        57.0
 23.0        44.5
 24.0        56.7
 25.0        29.4
 26.0        44.1
 27.0        73.7
 28.0        71.1
 29.0        29.7
 30.0        65.9
 31.0        47.8
 32.0        36.6
 33.0        23.6
 34.0        44.7
 35.0        34.7
 36.0        29.2
 37.0        75.1
 38.0        53.0
 39.0        56.2
 40.0        51.6
 41.0        54.3
 42.0        38.4
 43.0       119.1
 44.0        31.3
 45.0        30.0
 46.0        85.3
 47.0        76.0
 48.0        90.8
 49.0        72.5
 50.0        79.2
 51.0       100.3
 52.0        61.9
 53.0        61.8
 54.0        32.8
 55.0        32.7
 56.0        98.0
 57.0        65.7
 58.0        76.4
 59.0        81.2
 60.0        35.4
 61.0        60.5
 62.0        64.4
 63.0        34.8
 64.0        25.9
 65.0        23.1
 66.0        26.5
 67.0        38.1
 68.0        55.8
 69.0        90.7
 70.0        65.9
 71.0        68.3
 72.0        79.4
 73.0        84.5
 74.0        85.0
 75.0        76.4
 76.0        47.1
 77.0        46.0
 78.0        71.1
 79.0        63.9
 80.0        35.6
 81.0        47.4
 82.0        46.2
 83.0        58.0
 84.0        90.8
 85.0        60.9
 86.0        61.8
 87.0        44.7
 88.0        77.4
 89.0        71.4
 90.0        19.8
 91.0        22.9
 92.0        12.2
 93.0        21.4
