  1.0         2.2
  2.0         4.0
  3.0         7.9
  4.0        14.2
  5.0        19.1
  6.0        18.6
  7.0        12.2
  8.0        14.9
  9.0        16.4
 10.0        19.1
 11.0        22.9
 12.0        30.0
 13.0        25.7
 14.0        32.1
 15.0        38.9
 16.0        38.5
 17.0        42.4
 18.0        36.7
 19.0        58.0
 20.0        39.7
 21.0        64.7
 22.0        57.7
 23.0        42.5
 24.0        54.5
 25.0        30.9
 26.0        43.1
 27.0        71.2
 28.0        75.0
 29.0        30.0
 30.0        61.0
 31.0        45.8
 32.0        35.8
 33.0        24.7
 34.0        40.5
 35.0        32.6
 36.0        28.7
 37.0        77.3
 38.0        49.4
 39.0        58.5
 40.0        60.2
 41.0        39.1
 42.0        32.4
 43.0       111.6
 44.0        31.3
 45.0        34.4
 46.0        78.5
 47.0        73.7
 48.0        87.3
 49.0        62.7
 50.0        68.5
 51.0        94.3
 52.0        61.5
 53.0        55.4
 54.0        25.6
 55.0        32.8
 56.0        91.1
 57.0        62.6
 58.0        73.1
 59.0        82.7
 60.0        30.3
 61.0        58.5
 62.0        60.5
 63.0        36.3
 64.0        27.2
 65.0        33.2
 66.0        18.4
 67.0        36.7
 68.0        51.4
 69.0        88.7
 70.0        61.9
 71.0        66.6
 72.0        74.4
 73.0        81.1
 74.0        81.8
 75.0        67.0
 76.0        44.6
 77.0        62.3
 78.0        62.5
 79.0        60.3
 80.0        44.2
 81.0        49.6
 82.0        63.9
 83.0        70.2
 84.0        91.9
 85.0        73.5
 86.0        67.9
 87.0        44.4
 88.0        71.4
 89.0        72.5
 90.0        16.2
 91.0        24.5
 92.0        13.0
 93.0        20.5
