  1.0         2.5
  2.0         5.0
  3.0         5.2
  4.0        31.2
  5.0       551.9
  6.0       632.3
  7.0       618.8
  8.0       548.0
  9.0       279.9
 10.0       346.3
 11.0       321.6
 12.0       332.7
 13.0       339.5
 14.0       267.4
 15.0       275.8
 16.0       304.6
 17.0       304.6
 18.0       275.2
 19.0       184.7
 20.0       251.4
 21.0       190.8
 22.0       246.0
 23.0       171.9
 24.0       148.3
 25.0       165.4
 26.0       156.2
 27.0       135.9
 28.0       226.2
 29.0       152.5
 30.0        92.1
 31.0       121.6
 32.0       168.3
 33.0       159.5
 34.0       156.7
 35.0       154.7
 36.0       139.5
 37.0       163.4
 38.0        98.9
 39.0       118.3
 40.0       160.7
 41.0       113.3
 42.0        91.5
 43.0       151.0
 44.0        45.5
 45.0       199.0
 46.0        52.9
 47.0       105.4
 48.0       214.9
 49.0        75.2
 50.0       175.7
 51.0        96.1
 52.0       105.8
 53.0        83.7
 54.0       161.2
 55.0       123.7
 56.0        64.6
 57.0        19.9
 58.0       154.0
 59.0       207.2
 60.0       168.4
 61.0       168.8
 62.0       135.2
 63.0       173.6
 64.0       145.4
 65.0       153.3
 66.0        79.2
 67.0        75.1
 68.0       111.0
 69.0        86.0
 70.0       140.2
 71.0       120.4
 72.0       160.0
 73.0       108.9
 74.0       144.9
 75.0       146.5
 76.0       147.5
 77.0       135.5
 78.0       128.8
 79.0        87.1
 80.0       174.6
 81.0       167.3
 82.0       172.0
 83.0       122.0
 84.0       131.4
 85.0       126.1
 86.0       137.6
 87.0       138.7
 88.0       116.2
 89.0       106.3
 90.0       135.5
 91.0        68.3
 92.0        10.5
 93.0         0.0
 94.0         0.0
