  1.0         2.5
  2.0         4.3
  3.0        10.6
  4.0       126.9
  5.0       224.8
  6.0       185.8
  7.0       160.1
  8.0       135.3
  9.0        87.5
 10.0        84.0
 11.0        88.7
 12.0        91.9
 13.0        75.8
 14.0        76.4
 15.0        70.2
 16.0        62.6
 17.0        53.0
 18.0        58.3
 19.0        64.2
 20.0        54.1
 21.0        56.1
 22.0        63.7
 23.0        53.7
 24.0        60.4
 25.0        61.8
 26.0        75.4
 27.0        39.4
 28.0        66.9
 29.0        67.8
 30.0        78.0
 31.0        63.9
 32.0        58.3
 33.0        36.0
 34.0        46.2
 35.0        44.3
 36.0        39.6
 37.0        41.2
 38.0        23.8
 39.0        22.3
 40.0        41.7
 41.0        45.7
 42.0        77.7
 43.0        34.5
 44.0        82.5
 45.0        69.3
 46.0        34.6
 47.0        74.5
 48.0        39.8
 49.0        58.4
 50.0        77.5
 51.0        52.6
 52.0        73.1
 53.0        63.6
 54.0        61.5
 55.0        47.1
 56.0        73.2
 57.0        64.9
 58.0        66.7
 59.0        48.0
 60.0       185.1
 61.0        57.3
 62.0        36.5
