  1.0         2.1
  2.0         4.7
  3.0         5.5
  4.0        29.3
  5.0       563.7
  6.0       682.9
  7.0       687.6
  8.0       607.3
  9.0       463.9
 10.0       489.7
 11.0       286.2
 12.0       280.1
 13.0       276.3
 14.0       276.6
 15.0       248.5
 16.0       228.0
 17.0       227.1
 18.0       204.9
 19.0       173.8
 20.0       172.0
 21.0       196.7
 22.0       169.4
 23.0       185.1
 24.0       186.6
 25.0       156.4
 26.0       195.0
 27.0       182.4
 28.0       199.7
 29.0       139.2
 30.0       226.8
 31.0       210.1
 32.0       228.8
 33.0       200.2
 34.0       176.7
 35.0       129.3
 36.0       126.3
 37.0       127.7
 38.0       129.8
 39.0       108.9
 40.0        82.9
 41.0        72.5
 42.0       126.7
 43.0       125.6
 44.0       204.3
 45.0        87.6
 46.0       253.9
 47.0       166.3
 48.0       109.5
 49.0       207.5
 50.0       112.6
 51.0       142.8
 52.0       222.6
 53.0       161.6
 54.0       219.5
 55.0       192.4
 56.0       195.5
 57.0       127.7
 58.0       237.7
 59.0       193.4
 60.0       195.5
 61.0        84.6
