  1.0         7.4
  2.0        12.9
  3.0        31.7
  4.0       373.9
  5.0       668.1
  6.0       556.8
  7.0       477.5
  8.0       413.0
  9.0       253.5
 10.0       258.5
 11.0       265.4
 12.0       262.0
 13.0       237.9
 14.0       211.4
 15.0       222.5
 16.0       191.4
 17.0       164.8
 18.0       168.8
 19.0       191.4
 20.0       165.4
 21.0       178.2
 22.0       185.1
 23.0       152.5
 24.0       183.9
 25.0       181.8
 26.0       192.6
 27.0       136.3
 28.0       224.4
 29.0       206.7
 30.0       220.8
 31.0       188.3
 32.0       173.1
 33.0       126.4
 34.0       128.4
 35.0       127.1
 36.0       124.3
 37.0       108.7
 38.0        82.7
 39.0        66.2
 40.0       131.4
 41.0       132.6
 42.0       203.1
 43.0       101.3
 44.0       238.4
 45.0       171.5
 46.0        98.5
 47.0       210.1
 48.0       120.9
 49.0       156.5
 50.0       202.3
 51.0       154.4
 52.0       220.9
 53.0       197.1
 54.0       184.5
 55.0       145.6
 56.0       224.1
 57.0       194.3
 58.0       193.0
 59.0       141.3
 60.0       537.8
 61.0       189.7
 62.0       102.2
