  1.0         2.5
  2.0         4.4
  3.0        10.7
  4.0       117.3
  5.0       214.3
  6.0       179.7
  7.0       162.5
  8.0       136.3
  9.0        85.9
 10.0        87.3
 11.0        86.9
 12.0        91.7
 13.0        84.0
 14.0        68.4
 15.0        75.3
 16.0        58.9
 17.0        52.6
 18.0        55.3
 19.0        66.4
 20.0        55.6
 21.0        62.1
 22.0        69.9
 23.0        49.7
 24.0        69.2
 25.0        51.4
 26.0        55.3
 27.0        50.6
 28.0        73.0
 29.0        61.9
 30.0        76.6
 31.0        59.7
 32.0        59.8
 33.0        49.8
 34.0        43.5
 35.0        45.6
 36.0        33.5
 37.0        35.7
 38.0        32.0
 39.0        18.9
 40.0        42.7
 41.0        31.6
 42.0        56.1
 43.0        38.4
 44.0        73.5
 45.0        52.1
 46.0        31.6
 47.0        67.4
 48.0        38.1
 49.0        50.7
 50.0        64.1
 51.0        54.1
 52.0        76.0
 53.0        62.6
 54.0        62.4
 55.0        51.6
 56.0        76.5
 57.0        71.8
 58.0        59.0
 59.0        46.4
 60.0       175.0
 61.0        65.2
 62.0        33.4
