  1.0         2.6
  2.0         4.4
  3.0        11.1
  4.0       140.4
  5.0       227.6
  6.0       180.9
  7.0       165.8
  8.0       134.1
  9.0        81.2
 10.0        87.6
 11.0        88.4
 12.0        79.4
 13.0        75.9
 14.0        66.7
 15.0        81.3
 16.0        69.8
 17.0        53.6
 18.0        56.6
 19.0        59.3
 20.0        58.0
 21.0        61.6
 22.0        48.9
 23.0        50.9
 24.0        53.1
 25.0        71.3
 26.0        60.7
 27.0        53.0
 28.0        78.8
 29.0        74.4
 30.0        69.4
 31.0        61.5
 32.0        53.5
 33.0        44.3
 34.0        34.7
 35.0        37.5
 36.0        51.2
 37.0        30.8
 38.0        29.0
 39.0        22.9
 40.0        50.0
 41.0        55.4
 42.0        70.8
 43.0        35.2
 44.0        71.9
 45.0        53.2
 46.0        28.1
 47.0        69.7
 48.0        51.9
 49.0        48.5
 50.0        52.8
 51.0        45.2
 52.0        74.4
 53.0        68.4
 54.0        59.6
 55.0        57.3
 56.0        66.0
 57.0        58.7
 58.0        66.2
 59.0        55.8
 60.0       172.0
 61.0        63.6
 62.0        32.3
